Android_time,Stonex_gnss_time,ARCore_yaw,Stonex_yaw,Delta_yaw_AR_Ston,Stonex_status
2023-05-09 16:58:12.598,2023-05-09 16:58:12.6,-155.88,-40.605587,-115.2744178828125,2
2023-05-09 16:58:12.617,2023-05-09 16:58:12.6,-155.86,-40.605587,-115.25441361035156,2
2023-05-09 16:58:12.659,2023-05-09 16:58:12.6,-155.82,-40.58802,-115.23198732421875,2
2023-05-09 16:58:12.693,2023-05-09 16:58:12.6,-155.74,-40.58802,-115.15198549316406,2
2023-05-09 16:58:12.726,2023-05-09 16:58:12.6,-155.68,-40.58802,-115.09197267578125,2
2023-05-09 16:58:12.762,2023-05-09 16:58:12.6,-155.63,-40.58802,-115.0419848828125,2
2023-05-09 16:58:12.793,2023-05-09 16:58:12.6,-155.58,-40.58802,-114.99198183105469,2
2023-05-09 16:58:12.826,2023-05-09 16:58:12.8,-155.5,-40.58802,-114.91198,2
2023-05-09 16:58:12.859,2023-05-09 16:58:12.8,-155.4,-40.58802,-114.81197389648437,2
2023-05-09 16:58:12.897,2023-05-09 16:58:12.8,-155.33,-40.889225,-114.44077683105468,2
2023-05-09 16:58:12.924,2023-05-09 16:58:12.8,-155.3,-40.889225,-114.4107780517578,2
2023-05-09 16:58:12.948,2023-05-09 16:58:12.8,-155.31,-40.889225,-114.42077255859374,2
2023-05-09 16:58:12.99,2023-05-09 16:58:12.8,-155.37,-40.889225,-114.48077011718749,2
2023-05-09 16:58:13.024,2023-05-09 16:58:12.8,-155.46,-40.889225,-114.57078171386718,2
2023-05-09 16:58:13.056,2023-05-09 16:58:13.0,-155.54,-41.076935,-114.46305828613282,2
2023-05-09 16:58:13.091,2023-05-09 16:58:13.0,-155.61,-41.076935,-114.53306561035157,2
2023-05-09 16:58:13.125,2023-05-09 16:58:13.0,-155.67,-41.076935,-114.59306316894532,2
2023-05-09 16:58:13.157,2023-05-09 16:58:13.2,-155.7,-41.076935,-114.6230619482422,2
2023-05-09 16:58:13.189,2023-05-09 16:58:13.2,-155.73,-41.076935,-114.65306072753907,2
2023-05-09 16:58:13.23,2023-05-09 16:58:13.2,-155.75,-40.728054,-115.021946,2
2023-05-09 16:58:13.257,2023-05-09 16:58:13.2,-155.74,-40.728054,-115.01195149316406,2
2023-05-09 16:58:13.29,2023-05-09 16:58:13.2,-155.7,-40.728054,-114.97194294824219,2
2023-05-09 16:58:13.323,2023-05-09 16:58:13.2,-155.65,-40.728054,-114.92193989648437,2
2023-05-09 16:58:13.357,2023-05-09 16:58:13.2,-155.63,-40.728054,-114.9019508828125,2
2023-05-09 16:58:13.388,2023-05-09 16:58:13.4,-155.66,-40.728054,-114.93194966210937,2
2023-05-09 16:58:13.421,2023-05-09 16:58:13.4,-155.77,-40.728054,-115.04195027246094,2
2023-05-09 16:58:13.453,2023-05-09 16:58:13.4,-155.92,-40.807308,-115.1126901689453,2
2023-05-09 16:58:13.487,2023-05-09 16:58:13.4,-156.06,-40.807308,-115.25268955859374,2
2023-05-09 16:58:13.52,2023-05-09 16:58:13.4,-156.13,-40.807308,-115.3226968828125,2
2023-05-09 16:58:13.554,2023-05-09 16:58:13.4,-156.11,-40.807308,-115.30269261035156,2
2023-05-09 16:58:13.586,2023-05-09 16:58:13.6,-156.04,-40.807308,-115.2326852861328,2
2023-05-09 16:58:13.619,2023-05-09 16:58:13.6,-156.0,-40.807308,-115.192692,2
2023-05-09 16:58:13.654,2023-05-09 16:58:13.6,-156.0,-40.429348,-115.570652,2
2023-05-09 16:58:13.688,2023-05-09 16:58:13.6,-156.0,-40.429348,-115.570652,2
2023-05-09 16:58:13.718,2023-05-09 16:58:13.6,-155.99,-40.429348,-115.56065749316406,2
2023-05-09 16:58:13.751,2023-05-09 16:58:13.8,-155.94,-40.429348,-115.51065444140625,2
2023-05-09 16:58:13.785,2023-05-09 16:58:13.8,-155.87,-40.429348,-115.4406471171875,2
2023-05-09 16:58:13.817,2023-05-09 16:58:13.8,-155.83,-40.429348,-115.40065383105468,2
2023-05-09 16:58:13.85,2023-05-09 16:58:13.8,-155.84,-40.598118,-115.24187833789063,2
2023-05-09 16:58:13.885,2023-05-09 16:58:13.8,-155.9,-40.598118,-115.30187589648438,2
2023-05-09 16:58:13.916,2023-05-09 16:58:13.8,-155.99,-40.598118,-115.39188749316406,2
2023-05-09 16:58:13.958,2023-05-09 16:58:13.8,-156.1,-40.598118,-115.50188810351563,2
2023-05-09 16:58:13.982,2023-05-09 16:58:13.8,-156.23,-40.598118,-115.63187772753906,2
2023-05-09 16:58:14.015,2023-05-09 16:58:13.8,-156.41,-40.598118,-115.81188566210938,2
2023-05-09 16:58:14.051,2023-05-09 16:58:13.8,-156.69,-40.598118,-116.09188444140625,2
2023-05-09 16:58:14.083,2023-05-09 16:58:13.8,-157.04,-40.598118,-116.44187528613281,2
2023-05-09 16:58:14.115,2023-05-09 16:58:13.8,-157.36,-40.598118,-116.76188261035156,2
2023-05-09 16:58:14.15,2023-05-09 16:58:13.8,-157.58,-40.598118,-116.98188383105469,2
2023-05-09 16:58:14.182,2023-05-09 16:58:13.8,-157.72,-40.598118,-117.12188322070313,2
2023-05-09 16:58:14.214,2023-05-09 16:58:13.8,-157.87,-40.598118,-117.2718771171875,2
2023-05-09 16:58:14.247,2023-05-09 16:58:14.2,-158.25,-38.758015,-119.491985,2
2023-05-09 16:58:14.281,2023-05-09 16:58:14.2,-158.7,-38.758015,-119.94198194824219,2
2023-05-09 16:58:14.313,2023-05-09 16:58:14.2,-159.33,-38.758015,-120.57198683105469,2
2023-05-09 16:58:14.347,2023-05-09 16:58:14.2,-160.09,-38.758015,-121.33198133789062,2
2023-05-09 16:58:14.38,2023-05-09 16:58:14.2,-160.89,-38.758015,-122.13198438964844,2
2023-05-09 16:58:14.413,2023-05-09 16:58:14.4,-161.72,-38.758015,-122.96198622070312,2
2023-05-09 16:58:14.464,2023-05-09 16:58:14.4,-162.56,-35.700085,-126.85991255859375,2
2023-05-09 16:58:14.497,2023-05-09 16:58:14.4,-163.43,-35.700085,-127.72990767578125,2
2023-05-09 16:58:14.528,2023-05-09 16:58:14.4,-164.33,-35.700085,-128.6299168310547,2
2023-05-09 16:58:14.562,2023-05-09 16:58:14.6,-165.18,-35.700085,-129.47990767578125,2
2023-05-09 16:58:14.595,2023-05-09 16:58:14.6,-165.97,-35.700085,-130.26991622070312,2
2023-05-09 16:58:14.629,2023-05-09 16:58:14.6,-166.72,-35.700085,-131.01991622070312,2
2023-05-09 16:58:14.661,2023-05-09 16:58:14.6,-167.46,-30.590546,-136.8694607138672,2
2023-05-09 16:58:14.694,2023-05-09 16:58:14.6,-168.17,-30.590546,-137.57945216894532,2
2023-05-09 16:58:14.713,2023-05-09 16:58:14.6,-168.83,-30.590546,-138.2394558310547,2
2023-05-09 16:58:14.76,2023-05-09 16:58:14.8,-169.5,-30.590546,-138.909454,2
2023-05-09 16:58:14.793,2023-05-09 16:58:14.8,-170.22,-30.590546,-139.62945522070314,2
2023-05-09 16:58:14.827,2023-05-09 16:58:14.8,-170.99,-30.590546,-140.39945949316407,2
2023-05-09 16:58:14.861,2023-05-09 16:58:14.8,-171.74,-30.590546,-141.14945949316407,2
2023-05-09 16:58:14.893,2023-05-09 16:58:14.8,-172.39,-26.331896,-146.05810338964844,2
2023-05-09 16:58:14.926,2023-05-09 16:58:14.8,-172.88,-26.331896,-146.5481088828125,2
2023-05-09 16:58:14.959,2023-05-09 16:58:14.8,-173.22,-26.331896,-146.88810522070312,2
2023-05-09 16:58:14.993,2023-05-09 16:58:14.8,-173.24,-26.331896,-146.90810949316406,2
2023-05-09 16:58:15.026,2023-05-09 16:58:14.8,-173.5,-26.331896,-147.168104,2
2023-05-09 16:58:15.06,2023-05-09 16:58:15.0,-173.6,-23.257132,-150.3428741035156,2
2023-05-09 16:58:15.091,2023-05-09 16:58:15.0,-173.81,-23.257132,-150.55286555859374,2
2023-05-09 16:58:15.125,2023-05-09 16:58:15.0,-174.05,-23.257132,-150.7928710517578,2
2023-05-09 16:58:15.158,2023-05-09 16:58:15.0,-174.22,-23.257132,-150.9628692207031,2
2023-05-09 16:58:15.191,2023-05-09 16:58:15.2,-174.44,-23.257132,-151.18287044140624,2
2023-05-09 16:58:15.224,2023-05-09 16:58:15.2,-174.69,-23.257132,-151.43287044140624,2
2023-05-09 16:58:15.259,2023-05-09 16:58:15.2,-174.92,-22.058008,-152.8619901689453,2
2023-05-09 16:58:15.291,2023-05-09 16:58:15.2,-175.03,-22.058008,-152.97199077929687,2
2023-05-09 16:58:15.328,2023-05-09 16:58:15.2,-175.02,-22.058008,-152.96199627246094,2
2023-05-09 16:58:15.356,2023-05-09 16:58:15.4,-174.93,-22.058008,-152.87198467578125,2
2023-05-09 16:58:15.39,2023-05-09 16:58:15.4,-174.87,-22.058008,-152.8119871171875,2
2023-05-09 16:58:15.424,2023-05-09 16:58:15.4,-174.74,-22.058008,-152.68199749316406,2
2023-05-09 16:58:15.456,2023-05-09 16:58:15.4,-174.47,-22.058008,-152.41199322070312,2
2023-05-09 16:58:15.489,2023-05-09 16:58:15.4,-174.01,-22.058008,-151.95198650683594,2
2023-05-09 16:58:15.524,2023-05-09 16:58:15.4,-173.47,-22.058008,-151.41199322070312,2
2023-05-09 16:58:15.556,2023-05-09 16:58:15.4,-173.04,-21.618376,-151.4216172861328,2
2023-05-09 16:58:15.59,2023-05-09 16:58:15.4,-172.93,-21.618376,-151.31161667578124,2
2023-05-09 16:58:15.621,2023-05-09 16:58:15.6,-173.13,-21.618376,-151.5116288828125,2
2023-05-09 16:58:15.66,2023-05-09 16:58:15.6,-173.51,-21.618376,-151.89161850683593,2
2023-05-09 16:58:15.691,2023-05-09 16:58:15.6,-173.95,-21.618376,-152.33162094824218,2
2023-05-09 16:58:15.724,2023-05-09 16:58:15.6,-174.36,-23.629023,-150.73097761035157,2
2023-05-09 16:58:15.753,2023-05-09 16:58:15.6,-174.59,-23.629023,-150.96097333789064,2
2023-05-09 16:58:15.792,2023-05-09 16:58:15.6,-174.6,-23.629023,-150.97098310351564,2
2023-05-09 16:58:15.821,2023-05-09 16:58:15.6,-174.48,-23.629023,-150.85097272753907,2
2023-05-09 16:58:15.855,2023-05-09 16:58:15.8,-174.37,-21.970539,-152.3994561171875,2
2023-05-09 16:58:15.888,2023-05-09 16:58:15.8,-174.3,-21.970539,-152.3294640517578,2
2023-05-09 16:58:15.925,2023-05-09 16:58:15.8,-174.26,-21.970539,-152.28945550683594,2
2023-05-09 16:58:15.96,2023-05-09 16:58:15.8,-174.21,-21.970539,-152.23946771386719,2
2023-05-09 16:58:16.02,2023-05-09 16:58:15.8,-174.18,-21.970539,-152.20945367578125,2
2023-05-09 16:58:16.052,2023-05-09 16:58:15.8,-174.19,-21.970539,-152.21946344140625,2
2023-05-09 16:58:16.057,2023-05-09 16:58:15.8,-174.31,-21.970539,-152.33945855859375,2
2023-05-09 16:58:16.129,2023-05-09 16:58:16.0,-174.65,-22.414036,-152.23595789648436,2
2023-05-09 16:58:16.145,2023-05-09 16:58:16.0,-175.13,-22.414036,-152.7159688828125,2
2023-05-09 16:58:16.168,2023-05-09 16:58:16.0,-175.64,-22.414036,-153.22596338964843,2
2023-05-09 16:58:16.196,2023-05-09 16:58:16.0,-176.05,-22.414036,-153.6359670517578,2
2023-05-09 16:58:16.216,2023-05-09 16:58:16.2,-176.33,-22.414036,-153.91596583105468,2
2023-05-09 16:58:16.249,2023-05-09 16:58:16.2,-176.49,-22.414036,-154.07596949316405,2
2023-05-09 16:58:16.283,2023-05-09 16:58:16.2,-176.59,-22.414036,-154.17596033789061,2
2023-05-09 16:58:16.315,2023-05-09 16:58:16.2,-176.65,-20.642431,-156.0075628964844,2
2023-05-09 16:58:16.348,2023-05-09 16:58:16.2,-176.71,-20.642431,-156.0675757138672,2
2023-05-09 16:58:16.382,2023-05-09 16:58:16.4,-176.73,-20.642431,-156.08756472753907,2
2023-05-09 16:58:16.416,2023-05-09 16:58:16.4,-176.76,-20.642431,-156.11756350683595,2
2023-05-09 16:58:16.449,2023-05-09 16:58:16.4,-176.81,-20.642431,-156.16756655859376,2
2023-05-09 16:58:16.481,2023-05-09 16:58:16.4,-176.89,-19.947369,-156.94263038964843,2
2023-05-09 16:58:16.514,2023-05-09 16:58:16.4,-177.0,-19.947369,-157.052631,2
2023-05-09 16:58:16.549,2023-05-09 16:58:16.4,-177.14,-19.947369,-157.19263038964843,2
2023-05-09 16:58:16.581,2023-05-09 16:58:16.6,-177.28,-19.947369,-157.33262977929687,2
2023-05-09 16:58:16.615,2023-05-09 16:58:16.6,-177.4,-19.947369,-157.45262489648437,2
2023-05-09 16:58:16.648,2023-05-09 16:58:16.6,-177.5,-19.947369,-157.552631,2
2023-05-09 16:58:16.682,2023-05-09 16:58:16.6,-177.63,-19.522346,-158.1076588828125,2
2023-05-09 16:58:16.718,2023-05-09 16:58:16.6,-177.83,-19.522346,-158.3076558310547,2
2023-05-09 16:58:16.748,2023-05-09 16:58:16.6,-178.08,-19.522346,-158.5576558310547,2
2023-05-09 16:58:16.783,2023-05-09 16:58:16.6,-178.37,-19.522346,-158.8476491171875,2
2023-05-09 16:58:16.815,2023-05-09 16:58:16.8,-178.74,-19.522346,-159.21765949316406,2
2023-05-09 16:58:16.865,2023-05-09 16:58:16.8,-179.16,-19.522346,-159.63765766210938,2
2023-05-09 16:58:16.897,2023-05-09 16:58:16.8,-179.64,-18.572107,-161.06789238964845,2
2023-05-09 16:58:16.928,2023-05-09 16:58:16.8,179.88,-18.572107,198.4521118828125,2
2023-05-09 16:58:16.962,2023-05-09 16:58:16.8,179.44,-18.572107,198.01210944140624,2
2023-05-09 16:58:16.994,2023-05-09 16:58:16.8,179.06,-18.572107,197.63210455859374,2
2023-05-09 16:58:17.028,2023-05-09 16:58:16.8,178.88,-18.572107,197.4521118828125,2
2023-05-09 16:58:17.06,2023-05-09 16:58:17.0,178.85,-18.572107,197.4221131035156,2
2023-05-09 16:58:17.095,2023-05-09 16:58:17.0,178.84,-15.998755,194.8387513378906,2
2023-05-09 16:58:17.129,2023-05-09 16:58:17.0,178.75,-15.998755,194.748755,2
2023-05-09 16:58:17.161,2023-05-09 16:58:17.0,178.54,-15.998755,194.5387482861328,2
2023-05-09 16:58:17.194,2023-05-09 16:58:17.0,178.2,-15.998755,194.19875194824218,2
2023-05-09 16:58:17.227,2023-05-09 16:58:17.2,177.84,-15.998755,193.8387513378906,2
2023-05-09 16:58:17.261,2023-05-09 16:58:17.2,177.56,-15.998755,193.55875255859374,2
2023-05-09 16:58:17.294,2023-05-09 16:58:17.2,177.39,-15.998755,193.38875438964843,2
2023-05-09 16:58:17.328,2023-05-09 16:58:17.2,177.42,-15.179845,192.5998431689453,2
2023-05-09 16:58:17.361,2023-05-09 16:58:17.2,177.63,-15.179845,192.8098498828125,2
2023-05-09 16:58:17.392,2023-05-09 16:58:17.2,177.9,-15.179845,193.07983889648438,2
2023-05-09 16:58:17.426,2023-05-09 16:58:17.2,178.19,-15.179845,193.36984744140625,2
2023-05-09 16:58:17.46,2023-05-09 16:58:17.4,178.42,-15.179845,193.5998431689453,2
2023-05-09 16:58:17.491,2023-05-09 16:58:17.4,178.56,-14.736554,193.29655155859376,2
2023-05-09 16:58:17.526,2023-05-09 16:58:17.4,178.65,-14.736554,193.3865478964844,2
2023-05-09 16:58:17.561,2023-05-09 16:58:17.4,178.73,-14.736554,193.46654972753907,2
2023-05-09 16:58:17.635,2023-05-09 16:58:17.4,178.74,-14.736554,193.47655949316407,2
2023-05-09 16:58:17.654,2023-05-09 16:58:17.6,178.69,-14.736554,193.42655644140626,2
2023-05-09 16:58:17.689,2023-05-09 16:58:17.6,178.51,-15.720523,194.23051750683595,2
2023-05-09 16:58:17.735,2023-05-09 16:58:17.6,178.6,-15.720523,194.32052910351564,2
2023-05-09 16:58:17.757,2023-05-09 16:58:17.8,178.87,-15.720523,194.59051811718751,2
2023-05-09 16:58:17.792,2023-05-09 16:58:17.8,179.25,-15.720523,194.97052300000001,2
2023-05-09 16:58:17.825,2023-05-09 16:58:17.8,179.61,-15.720523,195.33052361035158,2
2023-05-09 16:58:17.879,2023-05-09 16:58:17.8,179.84,-16.124132,195.96412833789063,2
2023-05-09 16:58:17.897,2023-05-09 16:58:17.8,179.9,-16.124132,196.02412589648438,2
2023-05-09 16:58:17.937,2023-05-09 16:58:17.8,179.88,-16.124132,196.0041368828125,2
2023-05-09 16:58:17.955,2023-05-09 16:58:17.8,179.85,-16.124132,195.97413810351563,2
2023-05-09 16:58:17.989,2023-05-09 16:58:17.8,179.84,-16.124132,195.96412833789063,2
2023-05-09 16:58:18.024,2023-05-09 16:58:17.8,179.81,-16.124132,195.93412955859375,2
2023-05-09 16:58:18.059,2023-05-09 16:58:17.8,179.66,-16.124132,195.78413566210938,2
2023-05-09 16:58:18.088,2023-05-09 16:58:18.0,179.39,-16.88566,196.27565938964844,2
2023-05-09 16:58:18.12,2023-05-09 16:58:18.0,179.08,-16.88566,195.9656618310547,2
2023-05-09 16:58:18.155,2023-05-09 16:58:18.0,178.97,-16.88566,195.85566122070313,2
2023-05-09 16:58:18.192,2023-05-09 16:58:18.2,179.2,-16.88566,196.0856569482422,2
2023-05-09 16:58:18.235,2023-05-09 16:58:18.2,179.72,-16.88566,196.60566122070313,2
2023-05-09 16:58:18.259,2023-05-09 16:58:18.2,-179.69,-16.88566,-162.80434244140625,2
2023-05-09 16:58:18.293,2023-05-09 16:58:18.2,-179.38,-16.055656,-163.3243488828125,2
2023-05-09 16:58:18.326,2023-05-09 16:58:18.2,-179.47,-16.055656,-163.41434522070313,2
2023-05-09 16:58:18.36,2023-05-09 16:58:18.2,-179.79,-16.055656,-163.7343372861328,2
2023-05-09 16:58:18.397,2023-05-09 16:58:18.2,179.91,-16.055656,195.96565966210937,2
2023-05-09 16:58:18.43,2023-05-09 16:58:18.4,179.74,-16.055656,195.79566149316406,2
2023-05-09 16:58:18.457,2023-05-09 16:58:18.4,179.66,-17.012215,196.67221866210937,2
2023-05-09 16:58:18.507,2023-05-09 16:58:18.4,179.58,-17.012215,196.59221683105469,2
2023-05-09 16:58:18.528,2023-05-09 16:58:18.4,179.39,-17.012215,196.40221438964844,2
2023-05-09 16:58:18.557,2023-05-09 16:58:18.4,179.17,-17.012215,196.1822131689453,2
2023-05-09 16:58:18.598,2023-05-09 16:58:18.6,178.96,-17.012215,195.97222171386719,2
2023-05-09 16:58:18.622,2023-05-09 16:58:18.6,178.75,-17.012215,195.762215,2
2023-05-09 16:58:18.651,2023-05-09 16:58:18.6,178.6,-16.000582,194.60058810351563,2
2023-05-09 16:58:18.694,2023-05-09 16:58:18.6,178.51,-16.000582,194.51057650683595,2
2023-05-09 16:58:18.727,2023-05-09 16:58:18.6,178.41,-16.000582,194.41058566210938,2
2023-05-09 16:58:18.76,2023-05-09 16:58:18.6,178.27,-16.000582,194.27058627246095,2
2023-05-09 16:58:18.803,2023-05-09 16:58:18.6,178.12,-16.000582,194.1205771171875,2
2023-05-09 16:58:18.84,2023-05-09 16:58:18.8,178.02,-16.000582,194.02058627246095,2
2023-05-09 16:58:18.865,2023-05-09 16:58:18.8,177.99,-16.000582,193.99058749316407,2
2023-05-09 16:58:18.903,2023-05-09 16:58:18.8,178.06,-15.075268,193.13526555859374,2
2023-05-09 16:58:18.93,2023-05-09 16:58:18.8,178.19,-15.075268,193.26527044140624,2
2023-05-09 16:58:18.969,2023-05-09 16:58:18.8,178.34,-15.075268,193.41526433789062,2
2023-05-09 16:58:19.002,2023-05-09 16:58:18.8,178.46,-15.075268,193.53527471386718,2
2023-05-09 16:58:19.04,2023-05-09 16:58:18.8,178.51,-15.075268,193.58526250683593,2
2023-05-09 16:58:19.069,2023-05-09 16:58:19.0,178.49,-15.288099,193.77810449316405,2
2023-05-09 16:58:19.119,2023-05-09 16:58:19.0,178.43,-15.288099,193.71809167578124,2
2023-05-09 16:58:19.143,2023-05-09 16:58:19.0,178.38,-15.288099,193.6681038828125,2
2023-05-09 16:58:19.159,2023-05-09 16:58:19.0,178.38,-15.288099,193.6681038828125,2
2023-05-09 16:58:19.203,2023-05-09 16:58:19.2,178.44,-15.288099,193.72810144140624,2
2023-05-09 16:58:19.236,2023-05-09 16:58:19.2,178.54,-15.288099,193.8280922861328,2
2023-05-09 16:58:19.263,2023-05-09 16:58:19.2,178.6,-15.175433,193.77543910351562,2
2023-05-09 16:58:19.298,2023-05-09 16:58:19.2,178.64,-15.175433,193.81543238964844,2
2023-05-09 16:58:19.332,2023-05-09 16:58:19.2,178.62,-15.175433,193.7954281171875,2
2023-05-09 16:58:19.371,2023-05-09 16:58:19.2,178.49,-15.175433,193.66543849316406,2
2023-05-09 16:58:19.406,2023-05-09 16:58:19.2,178.26,-15.175433,193.43542750683594,2
2023-05-09 16:58:19.436,2023-05-09 16:58:19.2,178.0,-15.175433,193.175433,2
2023-05-09 16:58:19.46,2023-05-09 16:58:19.2,177.8,-15.175433,192.9754360517578,2
2023-05-09 16:58:19.494,2023-05-09 16:58:19.2,177.72,-15.175433,192.89543422070312,2
2023-05-09 16:58:19.528,2023-05-09 16:58:19.2,177.71,-15.175433,192.88543971386719,2
2023-05-09 16:58:19.559,2023-05-09 16:58:19.2,177.74,-15.175433,192.91543849316406,2
2023-05-09 16:58:19.592,2023-05-09 16:58:19.2,177.78,-15.175433,192.95543177929687,2
2023-05-09 16:58:19.626,2023-05-09 16:58:19.2,177.8,-15.175433,192.9754360517578,2
2023-05-09 16:58:19.663,2023-05-09 16:58:19.4,177.83,-15.175433,193.00543483105469,2
2023-05-09 16:58:19.697,2023-05-09 16:58:19.6,177.86,-14.288847,192.14884761035157,2
2023-05-09 16:58:19.733,2023-05-09 16:58:19.6,177.89,-14.288847,192.17884638964844,2
2023-05-09 16:58:19.771,2023-05-09 16:58:19.6,177.95,-14.288847,192.2388439482422,2
2023-05-09 16:58:19.803,2023-05-09 16:58:19.6,178.03,-14.288847,192.31884577929688,2
2023-05-09 16:58:19.833,2023-05-09 16:58:19.8,178.08,-14.288847,192.3688488310547,2
2023-05-09 16:58:19.857,2023-05-09 16:58:19.8,178.14,-14.288847,192.42884638964844,2
2023-05-09 16:58:19.901,2023-05-09 16:58:19.8,178.19,-14.520476,192.71047844140625,2
2023-05-09 16:58:19.932,2023-05-09 16:58:19.8,178.24,-14.520476,192.76048149316406,2
2023-05-09 16:58:19.956,2023-05-09 16:58:19.8,178.29,-14.520476,192.81046928613281,2
2023-05-09 16:58:19.998,2023-05-09 16:58:19.8,178.28,-14.520476,192.80047477929688,2
2023-05-09 16:58:20.027,2023-05-09 16:58:19.8,178.21,-14.520476,192.7304827138672,2
2023-05-09 16:58:20.056,2023-05-09 16:58:20.0,178.14,-14.520476,192.66047538964844,2
2023-05-09 16:58:20.112,2023-05-09 16:58:20.0,178.12,-14.520476,192.6404711171875,2
2023-05-09 16:58:20.134,2023-05-09 16:58:20.0,178.18,-14.520476,192.70046867578125,2
2023-05-09 16:58:20.162,2023-05-09 16:58:20.0,178.3,-14.745763,193.04576605175782,2
2023-05-09 16:58:20.196,2023-05-09 16:58:20.2,178.35,-14.745763,193.09576910351564,2
2023-05-09 16:58:20.239,2023-05-09 16:58:20.2,178.35,-14.745763,193.09576910351564,2
2023-05-09 16:58:20.263,2023-05-09 16:58:20.2,178.3,-14.745763,193.04576605175782,2
2023-05-09 16:58:20.292,2023-05-09 16:58:20.2,178.23,-14.745763,192.97575872753907,2
2023-05-09 16:58:20.332,2023-05-09 16:58:20.2,178.2,-14.745763,192.9457599482422,2
2023-05-09 16:58:20.372,2023-05-09 16:58:20.2,178.19,-14.705176,192.89517844140624,2
2023-05-09 16:58:20.415,2023-05-09 16:58:20.2,178.21,-14.705176,192.91518271386718,2
2023-05-09 16:58:20.446,2023-05-09 16:58:20.4,178.25,-14.705176,192.955176,2
2023-05-09 16:58:20.476,2023-05-09 16:58:20.4,178.29,-14.705176,192.9951692861328,2
2023-05-09 16:58:20.499,2023-05-09 16:58:20.4,178.32,-14.705176,193.02518332421874,2
2023-05-09 16:58:20.527,2023-05-09 16:58:20.4,178.3,-14.430128,192.7301310517578,2
2023-05-09 16:58:20.572,2023-05-09 16:58:20.4,178.24,-14.430128,192.67013349316406,2
2023-05-09 16:58:20.592,2023-05-09 16:58:20.6,178.18,-14.430128,192.61012067578125,2
2023-05-09 16:58:20.635,2023-05-09 16:58:20.6,178.14,-14.430128,192.57012738964843,2
2023-05-09 16:58:20.67,2023-05-09 16:58:20.6,178.12,-14.31242,192.4324151171875,2
2023-05-09 16:58:20.703,2023-05-09 16:58:20.6,178.09,-14.31242,192.40241633789063,2
2023-05-09 16:58:20.736,2023-05-09 16:58:20.6,178.07,-14.31242,192.38242732421875,2
2023-05-09 16:58:20.775,2023-05-09 16:58:20.6,178.05,-14.31242,192.36242305175782,2
2023-05-09 16:58:20.821,2023-05-09 16:58:20.6,178.06,-14.31242,192.37241755859375,2
2023-05-09 16:58:20.864,2023-05-09 16:58:20.8,178.12,-14.31242,192.4324151171875,2
2023-05-09 16:58:20.901,2023-05-09 16:58:20.8,178.25,-14.31242,192.56242,2
2023-05-09 16:58:20.918,2023-05-09 16:58:20.8,178.45,-13.982763,192.4327599482422,2
2023-05-09 16:58:20.969,2023-05-09 16:58:20.8,178.64,-13.982763,192.62276238964844,2
2023-05-09 16:58:20.984,2023-05-09 16:58:20.8,178.72,-13.982763,192.70276422070313,2
2023-05-09 16:58:21.036,2023-05-09 16:58:20.8,178.66,-13.982763,192.64276666210938,2
2023-05-09 16:58:21.06,2023-05-09 16:58:20.8,178.54,-13.982763,192.52275628613282,2
2023-05-09 16:58:21.086,2023-05-09 16:58:20.8,178.5,-13.982763,192.482763,2
2023-05-09 16:58:21.128,2023-05-09 16:58:21.0,178.56,-14.675161,193.23515855859375,2
2023-05-09 16:58:21.149,2023-05-09 16:58:21.0,178.64,-14.675161,193.31516038964844,2
2023-05-09 16:58:21.182,2023-05-09 16:58:21.0,178.66,-14.675161,193.33516466210938,2
2023-05-09 16:58:21.214,2023-05-09 16:58:21.0,178.64,-14.675161,193.31516038964844,2
2023-05-09 16:58:21.249,2023-05-09 16:58:21.2,178.57,-14.675161,193.24516832421875,2
2023-05-09 16:58:21.287,2023-05-09 16:58:21.2,178.47,-14.450459,192.92046022070312,2
2023-05-09 16:58:21.318,2023-05-09 16:58:21.2,178.3,-14.450459,192.7504620517578,2
2023-05-09 16:58:21.347,2023-05-09 16:58:21.2,178.15,-14.450459,192.60045289648437,2
2023-05-09 16:58:21.38,2023-05-09 16:58:21.4,178.07,-14.450459,192.52046632421875,2
2023-05-09 16:58:21.415,2023-05-09 16:58:21.4,178.04,-14.450459,192.4904522861328,2
2023-05-09 16:58:21.462,2023-05-09 16:58:21.4,178.08,-13.538463,191.6184648310547,2
2023-05-09 16:58:21.482,2023-05-09 16:58:21.4,178.11,-13.538463,191.64846361035157,2
2023-05-09 16:58:21.53,2023-05-09 16:58:21.4,177.99,-13.538463,191.52846849316407,2
2023-05-09 16:58:21.564,2023-05-09 16:58:21.4,178.0,-13.538463,191.538463,2
2023-05-09 16:58:21.605,2023-05-09 16:58:21.4,178.1,-13.538463,191.63846910351563,2
2023-05-09 16:58:21.639,2023-05-09 16:58:21.6,178.28,-13.538463,191.81846177929688,2
2023-05-09 16:58:21.675,2023-05-09 16:58:21.6,178.51,-13.538463,192.04845750683594,2
2023-05-09 16:58:21.704,2023-05-09 16:58:21.6,178.65,-13.35006,192.00005389648436,2
2023-05-09 16:58:21.752,2023-05-09 16:58:21.6,178.54,-13.35006,191.8900532861328,2
2023-05-09 16:58:21.77,2023-05-09 16:58:21.6,178.22,-13.35006,191.5700612207031,2
2023-05-09 16:58:21.805,2023-05-09 16:58:21.8,177.96,-13.35006,191.31006671386717,2
2023-05-09 16:58:21.836,2023-05-09 16:58:21.8,177.89,-13.35006,191.24005938964842,2
2023-05-09 16:58:21.865,2023-05-09 16:58:21.8,177.9,-13.128533,191.02852689648438,2
2023-05-09 16:58:21.904,2023-05-09 16:58:21.8,178.02,-13.128533,191.14853727246094,2
2023-05-09 16:58:21.936,2023-05-09 16:58:21.8,178.12,-13.128533,191.2485281171875,2
2023-05-09 16:58:21.972,2023-05-09 16:58:21.8,178.17,-13.128533,191.29853116894532,2
2023-05-09 16:58:22.005,2023-05-09 16:58:21.8,178.17,-13.128533,191.29853116894532,2
2023-05-09 16:58:22.059,2023-05-09 16:58:21.8,178.18,-13.128533,191.30852567578125,2
2023-05-09 16:58:22.085,2023-05-09 16:58:21.8,178.24,-13.128533,191.36853849316407,2
2023-05-09 16:58:22.11,2023-05-09 16:58:21.8,178.34,-13.128533,191.46852933789063,2
2023-05-09 16:58:22.137,2023-05-09 16:58:21.8,178.39,-13.128533,191.51853238964844,2
2023-05-09 16:58:22.172,2023-05-09 16:58:21.8,178.38,-13.128533,191.5085378828125,2
2023-05-09 16:58:22.198,2023-05-09 16:58:21.8,178.35,-13.128533,191.47853910351563,2
2023-05-09 16:58:22.236,2023-05-09 16:58:22.0,178.33,-13.018949,191.34895083105468,2
2023-05-09 16:58:22.269,2023-05-09 16:58:22.0,178.25,-13.018949,191.268949,2
2023-05-09 16:58:22.304,2023-05-09 16:58:22.0,178.12,-13.018949,191.1389441171875,2
2023-05-09 16:58:22.336,2023-05-09 16:58:22.0,177.99,-13.018949,191.00895449316405,2
2023-05-09 16:58:22.362,2023-05-09 16:58:22.2,177.87,-13.192062,191.0620571171875,2
2023-05-09 16:58:22.4,2023-05-09 16:58:22.2,177.78,-13.192062,190.97206077929687,2
2023-05-09 16:58:22.428,2023-05-09 16:58:22.2,177.76,-13.192062,190.95205650683593,2
2023-05-09 16:58:22.464,2023-05-09 16:58:22.4,177.73,-12.449088,190.17908372753905,2
2023-05-09 16:58:22.506,2023-05-09 16:58:22.4,177.65,-12.449088,190.09908189648436,2
2023-05-09 16:58:22.536,2023-05-09 16:58:22.4,177.53,-12.449088,189.97908677929686,2
2023-05-09 16:58:22.58,2023-05-09 16:58:22.4,177.38,-12.449088,189.8290928828125,2
2023-05-09 16:58:22.621,2023-05-09 16:58:22.4,177.22,-12.449088,189.6690892207031,2
2023-05-09 16:58:22.654,2023-05-09 16:58:22.6,177.1,-12.449088,189.5490941035156,2
2023-05-09 16:58:22.679,2023-05-09 16:58:22.6,177.07,-12.449088,189.51909532421874,2
2023-05-09 16:58:22.704,2023-05-09 16:58:22.6,177.06,-12.449088,189.50908555859374,2
2023-05-09 16:58:22.753,2023-05-09 16:58:22.6,177.07,-11.826975,188.89698232421875,2
2023-05-09 16:58:22.787,2023-05-09 16:58:22.6,177.03,-11.826975,188.85697377929688,2
2023-05-09 16:58:22.806,2023-05-09 16:58:22.8,176.94,-11.826975,188.76697744140625,2
2023-05-09 16:58:22.844,2023-05-09 16:58:22.8,176.87,-11.826975,188.6969701171875,2
2023-05-09 16:58:22.878,2023-05-09 16:58:22.8,176.86,-11.826975,188.68697561035157,2
2023-05-09 16:58:22.9,2023-05-09 16:58:22.8,176.87,-11.826975,188.6969701171875,2
2023-05-09 16:58:22.951,2023-05-09 16:58:22.8,176.88,-11.411029,188.29103388281248,2
2023-05-09 16:58:22.973,2023-05-09 16:58:22.8,176.84,-11.411029,188.2510253378906,2
2023-05-09 16:58:23.012,2023-05-09 16:58:22.8,176.75,-11.411029,188.16102899999998,2
2023-05-09 16:58:23.043,2023-05-09 16:58:22.8,176.67,-11.411029,188.0810271689453,2
2023-05-09 16:58:23.103,2023-05-09 16:58:22.8,176.57,-11.411029,187.98103632421873,2
2023-05-09 16:58:23.125,2023-05-09 16:58:23.0,176.49,-11.411029,187.90103449316405,2
2023-05-09 16:58:23.158,2023-05-09 16:58:23.0,176.38,-11.183954,187.5639588828125,2
2023-05-09 16:58:23.185,2023-05-09 16:58:23.0,176.35,-11.183954,187.53396010351562,2
2023-05-09 16:58:23.219,2023-05-09 16:58:23.2,176.37,-10.474911,186.8449061171875,2
2023-05-09 16:58:23.25,2023-05-09 16:58:23.2,176.28,-10.474911,186.75490977929687,2
2023-05-09 16:58:23.287,2023-05-09 16:58:23.2,176.12,-10.474911,186.5949061171875,2
2023-05-09 16:58:23.317,2023-05-09 16:58:23.2,175.96,-10.474911,186.43491771386718,2
2023-05-09 16:58:23.353,2023-05-09 16:58:23.2,175.87,-10.474911,186.3449061171875,2
2023-05-09 16:58:23.383,2023-05-09 16:58:23.2,175.88,-10.474911,186.3549158828125,2
2023-05-09 16:58:23.417,2023-05-09 16:58:23.2,175.91,-10.474911,186.38491466210937,2
2023-05-09 16:58:23.456,2023-05-09 16:58:23.4,175.94,-10.474911,186.41491344140624,2
2023-05-09 16:58:23.493,2023-05-09 16:58:23.4,176.04,-9.657341,185.69733428613281,2
2023-05-09 16:58:23.515,2023-05-09 16:58:23.4,176.17,-9.657341,185.82733916894531,2
2023-05-09 16:58:23.548,2023-05-09 16:58:23.4,176.23,-9.657341,185.88733672753906,2
2023-05-09 16:58:23.582,2023-05-09 16:58:23.6,176.21,-9.657341,185.8673477138672,2
2023-05-09 16:58:23.613,2023-05-09 16:58:23.6,176.14,-9.657341,185.79734038964844,2
2023-05-09 16:58:23.649,2023-05-09 16:58:23.6,176.09,-9.657341,185.74733733789063,2
2023-05-09 16:58:23.68,2023-05-09 16:58:23.6,176.06,-9.657341,185.71733855859375,2
2023-05-09 16:58:23.715,2023-05-09 16:58:23.6,176.03,-9.657341,185.68733977929688,2
2023-05-09 16:58:23.748,2023-05-09 16:58:23.6,175.99,-9.657341,185.64734649316406,2
2023-05-09 16:58:23.779,2023-05-09 16:58:23.8,176.0,-9.857059,185.857059,2
2023-05-09 16:58:23.831,2023-05-09 16:58:23.8,176.06,-9.857059,185.91705655859374,2
2023-05-09 16:58:23.847,2023-05-09 16:58:23.8,176.12,-9.216378,185.3363731171875,2
2023-05-09 16:58:23.895,2023-05-09 16:58:23.8,176.11,-9.216378,185.32637861035155,2
2023-05-09 16:58:23.928,2023-05-09 16:58:23.8,176.12,-9.216378,185.3363731171875,2
2023-05-09 16:58:23.962,2023-05-09 16:58:23.8,176.17,-9.216378,185.3863761689453,2
2023-05-09 16:58:23.995,2023-05-09 16:58:23.8,176.25,-9.216378,185.466378,2
2023-05-09 16:58:24.03,2023-05-09 16:58:23.8,176.43,-9.216378,185.64637067578124,2
2023-05-09 16:58:24.062,2023-05-09 16:58:23.8,176.53,-9.216378,185.74637677929687,2
2023-05-09 16:58:24.096,2023-05-09 16:58:24.0,176.62,-9.216378,185.8363731171875,2
2023-05-09 16:58:24.126,2023-05-09 16:58:24.0,176.8,-9.421424,186.22142705175781,2
2023-05-09 16:58:24.164,2023-05-09 16:58:24.2,176.93,-9.421424,186.35141667578125,2
2023-05-09 16:58:24.196,2023-05-09 16:58:24.2,177.03,-9.421424,186.45142277929688,2
2023-05-09 16:58:24.226,2023-05-09 16:58:24.2,176.95,-9.421424,186.3714209482422,2
2023-05-09 16:58:24.259,2023-05-09 16:58:24.2,176.76,-9.421424,186.18141850683594,2
2023-05-09 16:58:24.294,2023-05-09 16:58:24.2,176.53,-9.421424,185.95142277929688,2
2023-05-09 16:58:24.327,2023-05-09 16:58:24.2,176.16,-9.421424,185.58142766210938,2
2023-05-09 16:58:24.361,2023-05-09 16:58:24.4,175.85,-10.589412,186.43941810351564,2
2023-05-09 16:58:24.391,2023-05-09 16:58:24.4,175.6,-10.589412,186.18941810351564,2
2023-05-09 16:58:24.426,2023-05-09 16:58:24.4,175.45,-10.589412,186.0394089482422,2
2023-05-09 16:58:24.457,2023-05-09 16:58:24.4,175.55,-10.589412,186.13941505175782,2
2023-05-09 16:58:24.494,2023-05-09 16:58:24.4,175.96,-8.778222,184.7382287138672,2
2023-05-09 16:58:24.525,2023-05-09 16:58:24.4,176.32,-8.778222,185.09822932421875,2
2023-05-09 16:58:24.558,2023-05-09 16:58:24.4,176.39,-8.778222,185.16822138964844,2
2023-05-09 16:58:24.59,2023-05-09 16:58:24.4,176.15,-8.778222,184.92821589648437,2
2023-05-09 16:58:24.625,2023-05-09 16:58:24.4,175.77,-8.778222,184.54822627246094,2
2023-05-09 16:58:24.657,2023-05-09 16:58:24.6,175.59,-10.158432,185.74842833789063,2
2023-05-09 16:58:24.691,2023-05-09 16:58:24.6,175.63,-10.158432,185.7884368828125,2
2023-05-09 16:58:24.723,2023-05-09 16:58:24.6,175.82,-10.158432,185.97843932421875,2
2023-05-09 16:58:24.755,2023-05-09 16:58:24.6,176.04,-10.158432,186.19842528613282,2
2023-05-09 16:58:24.791,2023-05-09 16:58:24.6,176.23,-10.158432,186.38842772753907,2
2023-05-09 16:58:24.823,2023-05-09 16:58:24.6,176.22,-10.158432,186.37843322070313,2
2023-05-09 16:58:24.855,2023-05-09 16:58:24.6,176.02,-10.158432,186.17843627246094,2
2023-05-09 16:58:24.889,2023-05-09 16:58:24.6,175.89,-10.158432,186.04843138964844,2
2023-05-09 16:58:24.923,2023-05-09 16:58:24.6,175.83,-10.158432,185.9884338310547,2
2023-05-09 16:58:24.957,2023-05-09 16:58:24.6,175.86,-10.158432,186.01843261035157,2
2023-05-09 16:58:24.988,2023-05-09 16:58:24.6,175.88,-10.158432,186.0384368828125,2
2023-05-09 16:58:25.021,2023-05-09 16:58:24.6,175.81,-10.158432,185.96842955859375,2
2023-05-09 16:58:25.054,2023-05-09 16:58:24.6,175.73,-10.158432,185.88842772753907,2
2023-05-09 16:58:25.087,2023-05-09 16:58:24.6,175.74,-10.158432,185.89843749316407,2
2023-05-09 16:58:25.119,2023-05-09 16:58:25.0,175.84,-11.095654,186.93565033789062,2
2023-05-09 16:58:25.154,2023-05-09 16:58:25.0,176.03,-11.156896,187.18689477929686,2
2023-05-09 16:58:25.186,2023-05-09 16:58:25.0,176.21,-11.156896,187.36690271386718,2
2023-05-09 16:58:25.221,2023-05-09 16:58:25.2,176.32,-11.156896,187.47690332421874,2
2023-05-09 16:58:25.253,2023-05-09 16:58:25.2,176.37,-11.156896,187.5268911171875,2
2023-05-09 16:58:25.286,2023-05-09 16:58:25.2,176.39,-11.969224,188.35922338964843,2
2023-05-09 16:58:25.318,2023-05-09 16:58:25.2,176.33,-11.969224,188.29922583105468,2
2023-05-09 16:58:25.351,2023-05-09 16:58:25.2,176.31,-11.969224,188.27922155859375,2
2023-05-09 16:58:25.386,2023-05-09 16:58:25.4,176.33,-11.969224,188.29922583105468,2
2023-05-09 16:58:25.417,2023-05-09 16:58:25.4,176.36,-11.969224,188.32922461035156,2
2023-05-09 16:58:25.452,2023-05-09 16:58:25.4,176.34,-12.435588,188.77558433789062,2
2023-05-09 16:58:25.484,2023-05-09 16:58:25.4,176.31,-12.435588,188.74558555859375,2
2023-05-09 16:58:25.517,2023-05-09 16:58:25.4,176.36,-12.435588,188.79558861035156,2
2023-05-09 16:58:25.551,2023-05-09 16:58:25.4,176.5,-12.435588,188.935588,2
2023-05-09 16:58:25.583,2023-05-09 16:58:25.4,176.65,-12.435588,189.08558189648437,2
2023-05-09 16:58:25.617,2023-05-09 16:58:25.6,176.76,-12.435588,189.19558250683593,2
2023-05-09 16:58:25.649,2023-05-09 16:58:25.6,176.73,-12.435588,189.16558372753906,2
2023-05-09 16:58:25.682,2023-05-09 16:58:25.6,176.49,-13.114471,189.60447649316407,2
2023-05-09 16:58:25.717,2023-05-09 16:58:25.6,176.26,-13.114471,189.37446550683595,2
2023-05-09 16:58:25.748,2023-05-09 16:58:25.6,176.14,-13.114471,189.25447038964845,2
2023-05-09 16:58:25.782,2023-05-09 16:58:25.8,176.17,-13.114471,189.28446916894532,2
2023-05-09 16:58:25.816,2023-05-09 16:58:25.8,176.3,-13.114471,189.41447405175782,2
2023-05-09 16:58:25.847,2023-05-09 16:58:25.8,176.43,-13.114471,189.54446367578126,2
2023-05-09 16:58:25.882,2023-05-09 16:58:25.8,176.54,-12.752253,189.2922462861328,2
2023-05-09 16:58:25.914,2023-05-09 16:58:25.8,176.62,-12.752253,189.3722481171875,2
2023-05-09 16:58:25.949,2023-05-09 16:58:25.8,176.66,-12.752253,189.41225666210937,2
2023-05-09 16:58:25.983,2023-05-09 16:58:25.8,176.74,-12.752253,189.49225849316406,2
2023-05-09 16:58:26.02,2023-05-09 16:58:25.8,176.87,-12.752253,189.6222481171875,2
2023-05-09 16:58:26.049,2023-05-09 16:58:25.8,176.99,-12.752253,189.74225849316406,2
2023-05-09 16:58:26.086,2023-05-09 16:58:25.8,177.07,-12.752253,189.82226032421875,2
2023-05-09 16:58:26.125,2023-05-09 16:58:26.0,177.13,-13.420398,190.5504028828125,2
2023-05-09 16:58:26.162,2023-05-09 16:58:26.0,177.19,-13.420398,190.61040044140626,2
2023-05-09 16:58:26.196,2023-05-09 16:58:26.2,177.3,-13.420398,190.72040105175782,2
2023-05-09 16:58:26.216,2023-05-09 16:58:26.2,177.41,-13.420398,190.83040166210938,2
2023-05-09 16:58:26.262,2023-05-09 16:58:26.2,177.51,-14.054912,191.56490650683594,2
2023-05-09 16:58:26.294,2023-05-09 16:58:26.2,177.6,-14.054912,191.65491810351563,2
2023-05-09 16:58:26.328,2023-05-09 16:58:26.2,177.63,-14.054912,191.6849168828125,2
2023-05-09 16:58:26.361,2023-05-09 16:58:26.2,177.64,-14.054912,191.69491138964844,2
2023-05-09 16:58:26.393,2023-05-09 16:58:26.4,177.66,-14.054912,191.71491566210938,2
2023-05-09 16:58:26.429,2023-05-09 16:58:26.4,177.59,-14.054912,191.64490833789063,2
2023-05-09 16:58:26.461,2023-05-09 16:58:26.4,177.45,-14.054912,191.5049089482422,2
2023-05-09 16:58:26.493,2023-05-09 16:58:26.4,177.35,-14.054912,191.40491810351563,2
2023-05-09 16:58:26.527,2023-05-09 16:58:26.4,177.31,-14.054912,191.36490955859375,2
2023-05-09 16:58:26.546,2023-05-09 16:58:26.4,177.37,-14.483187,191.8531821171875,2
2023-05-09 16:58:26.592,2023-05-09 16:58:26.6,177.5,-14.483187,191.983187,2
2023-05-09 16:58:26.626,2023-05-09 16:58:26.6,177.56,-14.483187,192.04318455859374,2
2023-05-09 16:58:26.66,2023-05-09 16:58:26.6,177.51,-14.483187,191.99318150683592,2
2023-05-09 16:58:26.694,2023-05-09 16:58:26.6,177.34,-14.483187,191.8231833378906,2
2023-05-09 16:58:26.726,2023-05-09 16:58:26.6,177.12,-14.483187,191.6031821171875,2
2023-05-09 16:58:26.759,2023-05-09 16:58:26.6,176.97,-14.483187,191.4531882207031,2
2023-05-09 16:58:26.782,2023-05-09 16:58:26.6,176.91,-14.483187,191.39319066210936,2
2023-05-09 16:58:26.825,2023-05-09 16:58:26.8,176.92,-14.483187,191.4031851689453,2
2023-05-09 16:58:26.867,2023-05-09 16:58:26.8,177.03,-14.483187,191.51318577929686,2
2023-05-09 16:58:26.887,2023-05-09 16:58:26.8,177.15,-13.769138,190.91913189648437,2
2023-05-09 16:58:26.936,2023-05-09 16:58:26.8,177.22,-13.769138,190.98913922070312,2
2023-05-09 16:58:26.97,2023-05-09 16:58:26.8,177.31,-13.769138,191.07913555859375,2
2023-05-09 16:58:27.004,2023-05-09 16:58:26.8,177.37,-13.769138,191.1391331171875,2
2023-05-09 16:58:27.022,2023-05-09 16:58:26.8,177.36,-13.769138,191.12913861035156,2
2023-05-09 16:58:27.061,2023-05-09 16:58:26.8,177.42,-13.769138,191.1891361689453,2
2023-05-09 16:58:27.092,2023-05-09 16:58:27.0,177.52,-13.769138,191.28914227246094,2
2023-05-09 16:58:27.123,2023-05-09 16:58:27.0,177.55,-13.769138,191.3191410517578,2
2023-05-09 16:58:27.149,2023-05-09 16:58:27.0,177.54,-14.225713,191.76570628613283,2
2023-05-09 16:58:27.193,2023-05-09 16:58:27.2,177.56,-14.225713,191.78571055859376,2
2023-05-09 16:58:27.223,2023-05-09 16:58:27.2,177.56,-14.225713,191.78571055859376,2
2023-05-09 16:58:27.256,2023-05-09 16:58:27.2,177.55,-14.225713,191.77571605175783,2
2023-05-09 16:58:27.287,2023-05-09 16:58:27.2,177.58,-14.426185,192.0061868310547,2
2023-05-09 16:58:27.322,2023-05-09 16:58:27.2,177.63,-14.426185,192.0561898828125,2
2023-05-09 16:58:27.356,2023-05-09 16:58:27.2,177.65,-14.426185,192.07617889648438,2
2023-05-09 16:58:27.409,2023-05-09 16:58:27.4,177.67,-14.426185,192.09618316894532,2
2023-05-09 16:58:27.419,2023-05-09 16:58:27.4,177.7,-14.426185,192.1261819482422,2
2023-05-09 16:58:27.463,2023-05-09 16:58:27.4,177.76,-14.426185,192.18617950683594,2
2023-05-09 16:58:27.491,2023-05-09 16:58:27.4,177.85,-14.426185,192.27619110351563,2
2023-05-09 16:58:27.52,2023-05-09 16:58:27.4,177.92,-14.426185,192.34618316894532,2
2023-05-09 16:58:27.552,2023-05-09 16:58:27.4,177.95,-14.524339,192.47433594824219,2
2023-05-09 16:58:27.585,2023-05-09 16:58:27.4,177.97,-14.524339,192.49434022070312,2
2023-05-09 16:58:27.62,2023-05-09 16:58:27.4,178.01,-14.524339,192.53433350683594,2
2023-05-09 16:58:27.65,2023-05-09 16:58:27.4,178.03,-14.524339,192.55433777929687,2
2023-05-09 16:58:27.684,2023-05-09 16:58:27.4,178.02,-14.524339,192.54434327246094,2
2023-05-09 16:58:27.717,2023-05-09 16:58:27.4,177.97,-14.524339,192.49434022070312,2
2023-05-09 16:58:27.751,2023-05-09 16:58:27.4,177.9,-14.524339,192.42433289648437,2
2023-05-09 16:58:27.782,2023-05-09 16:58:27.8,177.8,-14.788687,192.58869005175782,2
2023-05-09 16:58:27.816,2023-05-09 16:58:27.8,177.73,-14.788687,192.51868272753907,2
2023-05-09 16:58:27.851,2023-05-09 16:58:27.8,177.71,-14.570471,192.28047771386719,2
2023-05-09 16:58:27.888,2023-05-09 16:58:27.8,177.69,-14.570471,192.26047344140625,2
2023-05-09 16:58:27.921,2023-05-09 16:58:27.8,177.68,-14.570471,192.25046367578125,2
2023-05-09 16:58:27.952,2023-05-09 16:58:27.8,177.68,-14.570471,192.25046367578125,2
2023-05-09 16:58:27.991,2023-05-09 16:58:27.8,177.62,-14.570471,192.1904661171875,2
2023-05-09 16:58:28.015,2023-05-09 16:58:27.8,177.49,-14.570471,192.06047649316406,2
2023-05-09 16:58:28.055,2023-05-09 16:58:27.8,177.41,-14.570471,191.98047466210937,2
2023-05-09 16:58:28.086,2023-05-09 16:58:27.8,177.43,-14.570471,192.00046367578125,2
2023-05-09 16:58:28.127,2023-05-09 16:58:28.0,177.54,-14.360021,191.9000142861328,2
2023-05-09 16:58:28.168,2023-05-09 16:58:28.0,177.69,-14.360021,192.05002344140624,2
2023-05-09 16:58:28.187,2023-05-09 16:58:28.2,177.84,-14.360021,192.2000173378906,2
2023-05-09 16:58:28.236,2023-05-09 16:58:28.2,177.88,-14.360021,192.2400258828125,2
2023-05-09 16:58:28.257,2023-05-09 16:58:28.2,177.82,-14.537228,192.35723532421875,2
2023-05-09 16:58:28.297,2023-05-09 16:58:28.2,177.73,-14.537228,192.26722372753906,2
2023-05-09 16:58:28.323,2023-05-09 16:58:28.2,177.74,-14.537228,192.27723349316406,2
2023-05-09 16:58:28.357,2023-05-09 16:58:28.2,177.84,-14.537228,192.37722433789062,2
2023-05-09 16:58:28.39,2023-05-09 16:58:28.4,178.02,-14.537228,192.55723227246094,2
2023-05-09 16:58:28.424,2023-05-09 16:58:28.4,178.22,-14.537228,192.75722922070312,2
2023-05-09 16:58:28.482,2023-05-09 16:58:28.4,178.4,-14.716331,193.11632489648437,2
2023-05-09 16:58:28.492,2023-05-09 16:58:28.4,178.4,-14.716331,193.11632489648437,2
2023-05-09 16:58:28.536,2023-05-09 16:58:28.4,178.25,-14.716331,192.966331,2
2023-05-09 16:58:28.565,2023-05-09 16:58:28.6,178.1,-14.716331,192.81633710351562,2
2023-05-09 16:58:28.587,2023-05-09 16:58:28.6,178.01,-14.716331,192.72632550683593,2
2023-05-09 16:58:28.628,2023-05-09 16:58:28.6,177.97,-14.754174,192.72417522070313,2
2023-05-09 16:58:28.653,2023-05-09 16:58:28.6,177.96,-14.754174,192.7141807138672,2
2023-05-09 16:58:28.689,2023-05-09 16:58:28.6,177.98,-14.754174,192.73416972753907,2
2023-05-09 16:58:28.728,2023-05-09 16:58:28.6,178.02,-14.754174,192.77417827246094,2
2023-05-09 16:58:28.762,2023-05-09 16:58:28.6,178.03,-14.754174,192.78417277929688,2
2023-05-09 16:58:28.781,2023-05-09 16:58:28.8,178.0,-14.754174,192.754174,2
2023-05-09 16:58:28.826,2023-05-09 16:58:28.8,177.91,-14.754174,192.66417766210938,2
2023-05-09 16:58:28.864,2023-05-09 16:58:28.8,177.79,-14.754174,192.54416728613282,2
2023-05-09 16:58:28.891,2023-05-09 16:58:28.8,177.63,-14.718287,192.3482918828125,2
2023-05-09 16:58:28.927,2023-05-09 16:58:28.8,177.56,-14.718287,192.27828455859375,2
2023-05-09 16:58:28.961,2023-05-09 16:58:28.8,177.5,-14.718287,192.218287,2
2023-05-09 16:58:28.992,2023-05-09 16:58:28.8,177.42,-14.718287,192.13828516894532,2
2023-05-09 16:58:29.026,2023-05-09 16:58:28.8,177.32,-14.718287,192.03829432421875,2
2023-05-09 16:58:29.061,2023-05-09 16:58:29.0,177.2,-14.198038,191.39803494824218,2
2023-05-09 16:58:29.093,2023-05-09 16:58:29.0,177.03,-14.198038,191.22803677929687,2
2023-05-09 16:58:29.123,2023-05-09 16:58:29.0,176.84,-14.198038,191.03803433789062,2
2023-05-09 16:58:29.157,2023-05-09 16:58:29.0,176.61,-14.198038,190.80803861035156,2
2023-05-09 16:58:29.19,2023-05-09 16:58:29.0,176.33,-14.198038,190.52803983105468,2
2023-05-09 16:58:29.225,2023-05-09 16:58:29.0,176.06,-14.198038,190.25803555859375,2
2023-05-09 16:58:29.258,2023-05-09 16:58:29.2,175.78,-13.194527,188.97452577929687,2
2023-05-09 16:58:29.29,2023-05-09 16:58:29.2,175.47,-13.194527,188.66452822070312,2
2023-05-09 16:58:29.326,2023-05-09 16:58:29.2,175.13,-13.194527,188.3245318828125,2
2023-05-09 16:58:29.356,2023-05-09 16:58:29.2,174.75,-13.194527,187.944527,2
2023-05-09 16:58:29.389,2023-05-09 16:58:29.4,174.35,-13.194527,187.54453310351562,2
2023-05-09 16:58:29.423,2023-05-09 16:58:29.4,173.96,-13.194527,187.15453371386718,2
2023-05-09 16:58:29.458,2023-05-09 16:58:29.4,173.59,-11.261875,184.85187133789063,2
2023-05-09 16:58:29.494,2023-05-09 16:58:29.4,173.17,-11.261875,184.43187316894532,2
2023-05-09 16:58:29.529,2023-05-09 16:58:29.4,172.64,-11.261875,183.90187438964844,2
2023-05-09 16:58:29.578,2023-05-09 16:58:29.4,172.02,-11.261875,183.28187927246094,2
2023-05-09 16:58:29.617,2023-05-09 16:58:29.4,171.4,-11.261875,182.66186889648438,2
2023-05-09 16:58:29.633,2023-05-09 16:58:29.6,170.85,-11.261875,182.11188110351563,2
2023-05-09 16:58:29.669,2023-05-09 16:58:29.6,170.35,-8.39957,178.74957610351564,2
2023-05-09 16:58:29.709,2023-05-09 16:58:29.6,169.83,-8.39957,178.2295718310547,2
2023-05-09 16:58:29.722,2023-05-09 16:58:29.6,169.3,-8.39957,177.69957305175782,2
2023-05-09 16:58:29.763,2023-05-09 16:58:29.6,168.78,-8.39957,177.1795687792969,2
2023-05-09 16:58:29.794,2023-05-09 16:58:29.6,168.25,-8.39957,176.64957,2
2023-05-09 16:58:29.825,2023-05-09 16:58:29.8,167.71,-8.39957,176.1095767138672,2
2023-05-09 16:58:29.851,2023-05-09 16:58:29.8,167.21,-5.255964,172.4659707138672,2
2023-05-09 16:58:29.886,2023-05-09 16:58:29.8,166.72,-5.255964,171.97596522070313,2
2023-05-09 16:58:29.917,2023-05-09 16:58:29.8,166.27,-5.255964,171.52596827246094,2
2023-05-09 16:58:29.954,2023-05-09 16:58:29.8,165.84,-5.255964,171.09596033789063,2
2023-05-09 16:58:29.989,2023-05-09 16:58:29.8,165.44,-5.255964,170.69596644140626,2
2023-05-09 16:58:30.02,2023-05-09 16:58:29.8,165.06,-5.255964,170.31596155859376,2
2023-05-09 16:58:30.057,2023-05-09 16:58:30.0,164.68,-5.255964,169.93595667578126,2
2023-05-09 16:58:30.094,2023-05-09 16:58:30.0,164.26,-5.255964,169.51595850683594,2
2023-05-09 16:58:30.14,2023-05-09 16:58:30.0,163.8,-2.433413,166.2334160517578,2
2023-05-09 16:58:30.174,2023-05-09 16:58:30.0,163.31,-2.433413,165.74341055859375,2
2023-05-09 16:58:30.195,2023-05-09 16:58:30.2,162.81,-2.433413,165.24341055859375,2
2023-05-09 16:58:30.224,2023-05-09 16:58:30.2,162.32,-2.433413,164.75342032421875,2
2023-05-09 16:58:30.252,2023-05-09 16:58:30.2,161.83,-2.433413,164.2634148310547,2
2023-05-09 16:58:30.291,2023-05-09 16:58:30.2,161.39,-2.433413,163.82341238964844,2
2023-05-09 16:58:30.315,2023-05-09 16:58:30.2,160.96,-2.433413,163.3934197138672,2
2023-05-09 16:58:30.349,2023-05-09 16:58:30.2,160.57,-2.433413,163.00342032421875,2
2023-05-09 16:58:30.384,2023-05-09 16:58:30.2,160.23,-2.433413,162.66340872753906,2
2023-05-09 16:58:30.416,2023-05-09 16:58:30.2,159.89,-2.433413,162.32341238964844,2
2023-05-09 16:58:30.448,2023-05-09 16:58:30.2,159.52,-2.433413,161.95341727246094,2
2023-05-09 16:58:30.482,2023-05-09 16:58:30.2,159.16,-2.433413,161.59341666210938,2
2023-05-09 16:58:30.513,2023-05-09 16:58:30.2,158.79,-2.433413,161.2234062861328,2
2023-05-09 16:58:30.546,2023-05-09 16:58:30.2,158.36,-2.433413,160.79341361035156,2
2023-05-09 16:58:30.589,2023-05-09 16:58:30.6,157.87,2.824398,155.0455971171875,2
2023-05-09 16:58:30.617,2023-05-09 16:58:30.6,157.4,2.824398,154.57559589648437,2
2023-05-09 16:58:30.661,2023-05-09 16:58:30.6,157.02,5.13586,151.88414427246093,2
2023-05-09 16:58:30.696,2023-05-09 16:58:30.6,156.7,5.13586,151.56413694824218,2
2023-05-09 16:58:30.73,2023-05-09 16:58:30.6,156.34,5.13586,151.20413633789062,2
2023-05-09 16:58:30.768,2023-05-09 16:58:30.8,155.98,5.13586,150.84413572753905,2
2023-05-09 16:58:30.796,2023-05-09 16:58:30.8,155.63,5.13586,150.4941448828125,2
2023-05-09 16:58:30.835,2023-05-09 16:58:30.8,155.25,7.422376,147.82762400000001,2
2023-05-09 16:58:30.864,2023-05-09 16:58:30.8,154.84,7.422376,147.41762033789064,2
2023-05-09 16:58:30.893,2023-05-09 16:58:30.8,154.47,7.422376,147.04762522070314,2
2023-05-09 16:58:30.927,2023-05-09 16:58:30.8,154.15,7.422376,146.7276178964844,2
2023-05-09 16:58:30.959,2023-05-09 16:58:30.8,153.84,7.422376,146.41762033789064,2
2023-05-09 16:58:30.995,2023-05-09 16:58:30.8,153.5,7.422376,146.07762400000001,2
2023-05-09 16:58:31.029,2023-05-09 16:58:30.8,153.23,7.422376,145.80761972753908,2
2023-05-09 16:58:31.065,2023-05-09 16:58:31.0,153.12,9.543742,143.5762531171875,2
2023-05-09 16:58:31.094,2023-05-09 16:58:31.0,153.07,9.543742,143.52626532421874,2
2023-05-09 16:58:31.127,2023-05-09 16:58:31.0,153.01,9.543742,143.46625250683593,2
2023-05-09 16:58:31.16,2023-05-09 16:58:31.0,152.98,9.543742,143.43625372753905,2
2023-05-09 16:58:31.191,2023-05-09 16:58:31.2,152.86,9.543742,143.31625861035155,2
2023-05-09 16:58:31.226,2023-05-09 16:58:31.2,152.56,9.543742,143.01625555859374,2
2023-05-09 16:58:31.261,2023-05-09 16:58:31.2,152.14,10.227744,141.91225538964844,2
2023-05-09 16:58:31.294,2023-05-09 16:58:31.2,151.75,10.227744,141.522256,2
2023-05-09 16:58:31.332,2023-05-09 16:58:31.2,151.51,10.227744,141.28225050683594,2
2023-05-09 16:58:31.359,2023-05-09 16:58:31.4,151.49,10.227744,141.26226149316406,2
2023-05-09 16:58:31.412,2023-05-09 16:58:31.4,151.56,10.227744,141.33225355859375,2
2023-05-09 16:58:31.443,2023-05-09 16:58:31.4,151.58,10.227744,141.3522578310547,2
2023-05-09 16:58:31.463,2023-05-09 16:58:31.4,151.43,10.227744,141.20224867578125,2
2023-05-09 16:58:31.499,2023-05-09 16:58:31.4,151.07,10.227744,140.84226332421875,2
2023-05-09 16:58:31.534,2023-05-09 16:58:31.4,150.58,11.60694,138.97306183105468,2
2023-05-09 16:58:31.576,2023-05-09 16:58:31.6,150.03,11.60694,138.42305877929687,2
2023-05-09 16:58:31.599,2023-05-09 16:58:31.6,149.5,11.60694,137.89306,2
2023-05-09 16:58:31.638,2023-05-09 16:58:31.6,149.03,11.60694,137.42305877929687,2
2023-05-09 16:58:31.666,2023-05-09 16:58:31.6,148.66,11.60694,137.05306366210937,2
2023-05-09 16:58:31.689,2023-05-09 16:58:31.6,148.39,11.60694,136.78305938964843,2
2023-05-09 16:58:31.733,2023-05-09 16:58:31.6,148.15,11.60694,136.54305389648437,2
2023-05-09 16:58:31.754,2023-05-09 16:58:31.6,147.79,11.60694,136.1830532861328,2
2023-05-09 16:58:31.789,2023-05-09 16:58:31.6,147.27,11.60694,135.66306427246093,2
2023-05-09 16:58:31.821,2023-05-09 16:58:31.6,146.61,11.60694,135.00306061035155,2
2023-05-09 16:58:31.859,2023-05-09 16:58:31.6,145.87,13.414557,132.4554381171875,2
2023-05-09 16:58:31.89,2023-05-09 16:58:31.6,145.15,13.414557,131.73543689648437,2
2023-05-09 16:58:31.93,2023-05-09 16:58:31.6,144.53,13.414557,131.11544177929687,2
2023-05-09 16:58:31.966,2023-05-09 16:58:31.8,143.99,15.648407,128.34159849316407,2
2023-05-09 16:58:31.999,2023-05-09 16:58:31.8,143.52,15.648407,127.87159727246093,2
2023-05-09 16:58:32.033,2023-05-09 16:58:31.8,143.04,15.648407,127.3915862861328,2
2023-05-09 16:58:32.058,2023-05-09 16:58:31.8,142.48,15.648407,126.83158872753906,2
2023-05-09 16:58:32.095,2023-05-09 16:58:31.8,141.81,15.648407,126.16159055859374,2
2023-05-09 16:58:32.122,2023-05-09 16:58:32.0,141.09,19.436459,121.65353733789063,2
2023-05-09 16:58:32.16,2023-05-09 16:58:32.0,140.39,19.436459,120.95354038964844,2
2023-05-09 16:58:32.191,2023-05-09 16:58:32.0,139.84,19.436459,120.40353733789063,2
2023-05-09 16:58:32.222,2023-05-09 16:58:32.0,139.38,19.436459,119.9435458828125,2
2023-05-09 16:58:32.254,2023-05-09 16:58:32.2,138.92,23.076654,115.84334416894531,2
2023-05-09 16:58:32.287,2023-05-09 16:58:32.2,138.43,23.076654,115.35333867578125,2
2023-05-09 16:58:32.318,2023-05-09 16:58:32.2,137.9,23.076654,114.82333989648437,2
2023-05-09 16:58:32.351,2023-05-09 16:58:32.4,137.33,23.076654,114.25334783105468,2
2023-05-09 16:58:32.394,2023-05-09 16:58:32.4,136.75,23.076654,113.673346,2
2023-05-09 16:58:32.417,2023-05-09 16:58:32.4,136.2,23.076654,113.12334294824218,2
2023-05-09 16:58:32.451,2023-05-09 16:58:32.4,135.69,23.076654,112.61334844140625,2
2023-05-09 16:58:32.486,2023-05-09 16:58:32.4,135.18,23.076654,112.10333867578125,2
2023-05-09 16:58:32.519,2023-05-09 16:58:32.4,134.68,26.107519,108.57247367578125,2
2023-05-09 16:58:32.552,2023-05-09 16:58:32.4,134.16,26.107519,108.05248466210938,2
2023-05-09 16:58:32.581,2023-05-09 16:58:32.599,133.58,26.107519,107.47248283105469,2
2023-05-09 16:58:32.619,2023-05-09 16:58:32.599,132.97,26.107519,106.86248222070313,2
2023-05-09 16:58:32.652,2023-05-09 16:58:32.599,132.36,26.107519,106.25248161035157,2
2023-05-09 16:58:32.682,2023-05-09 16:58:32.599,131.79,29.187391,102.60260228613281,2
2023-05-09 16:58:32.72,2023-05-09 16:58:32.599,131.26,29.187391,102.07260350683593,2
2023-05-09 16:58:32.755,2023-05-09 16:58:32.599,130.77,29.187391,101.58261327246093,2
2023-05-09 16:58:32.788,2023-05-09 16:58:32.599,130.31,29.187391,101.12260655859374,2
2023-05-09 16:58:32.821,2023-05-09 16:58:32.8,129.86,29.187391,100.67260961035156,2
2023-05-09 16:58:32.852,2023-05-09 16:58:32.8,129.4,29.187391,100.21260289648437,2
2023-05-09 16:58:32.888,2023-05-09 16:58:32.8,128.93,32.450401,96.47959167578125,2
2023-05-09 16:58:32.92,2023-05-09 16:58:32.8,128.44,32.450401,95.98960144140625,2
2023-05-09 16:58:32.962,2023-05-09 16:58:32.8,128.0,32.450401,95.549599,2
2023-05-09 16:58:32.995,2023-05-09 16:58:32.8,127.59,32.450401,95.13959533789063,2
2023-05-09 16:58:33.029,2023-05-09 16:58:32.8,127.19,32.450401,94.73960144140625,2
2023-05-09 16:58:33.066,2023-05-09 16:58:32.8,126.78,32.450401,94.32959777929688,2
2023-05-09 16:58:33.095,2023-05-09 16:58:32.8,126.37,32.450401,93.91960174658203,2
2023-05-09 16:58:33.135,2023-05-09 16:58:33.0,125.95,35.143879,90.80611794824219,2
2023-05-09 16:58:33.172,2023-05-09 16:58:33.2,125.5,35.143879,90.356121,2
2023-05-09 16:58:33.203,2023-05-09 16:58:33.2,125.05,35.143879,89.90612405175781,2
2023-05-09 16:58:33.25,2023-05-09 16:58:33.2,124.61,35.143879,89.46612161035156,2
2023-05-09 16:58:33.28,2023-05-09 16:58:33.2,124.17,35.143879,89.02611916894531,2
2023-05-09 16:58:33.302,2023-05-09 16:58:33.2,123.69,35.143879,88.54612344140625,2
2023-05-09 16:58:33.349,2023-05-09 16:58:33.2,123.2,35.143879,88.05611794824219,2
2023-05-09 16:58:33.367,2023-05-09 16:58:33.2,122.75,35.143879,87.606121,2
2023-05-09 16:58:33.395,2023-05-09 16:58:33.2,122.34,35.143879,87.19611733789063,2
2023-05-09 16:58:33.431,2023-05-09 16:58:33.4,121.95,35.143879,86.80611794824219,2
2023-05-09 16:58:33.469,2023-05-09 16:58:33.4,121.53,40.293217,81.23678177929688,2
2023-05-09 16:58:33.507,2023-05-09 16:58:33.4,121.09,40.293217,80.79677933789063,2
2023-05-09 16:58:33.532,2023-05-09 16:58:33.4,120.64,40.293217,80.34678238964844,2
2023-05-09 16:58:33.568,2023-05-09 16:58:33.4,120.21,40.293217,79.91678208447266,2
2023-05-09 16:58:33.606,2023-05-09 16:58:33.6,119.8,40.293217,79.50678605175781,2
2023-05-09 16:58:33.631,2023-05-09 16:58:33.6,119.42,40.293217,79.12678116894531,2
2023-05-09 16:58:33.681,2023-05-09 16:58:33.6,119.04,40.293217,78.74678391552735,2
2023-05-09 16:58:33.708,2023-05-09 16:58:33.6,118.63,42.750259,75.87973825341797,2
2023-05-09 16:58:33.749,2023-05-09 16:58:33.6,118.18,42.750259,75.42974130517578,2
2023-05-09 16:58:33.782,2023-05-09 16:58:33.6,117.72,42.750259,74.96974222070313,2
2023-05-09 16:58:33.796,2023-05-09 16:58:33.8,117.3,42.750259,74.54974405175781,2
2023-05-09 16:58:33.842,2023-05-09 16:58:33.8,116.89,42.750259,74.13974038964844,2
2023-05-09 16:58:33.866,2023-05-09 16:58:33.8,116.51,45.172359,71.33764313623047,2
2023-05-09 16:58:33.905,2023-05-09 16:58:33.8,116.16,45.172359,70.98764466210937,2
2023-05-09 16:58:33.936,2023-05-09 16:58:33.8,115.83,45.172359,70.65764283105469,2
2023-05-09 16:58:33.972,2023-05-09 16:58:33.8,115.48,45.172359,70.3076443569336,2
2023-05-09 16:58:34.01,2023-05-09 16:58:33.8,115.05,45.172359,69.87764405175781,2
2023-05-09 16:58:34.043,2023-05-09 16:58:33.8,114.57,45.172359,69.39764069482422,2
2023-05-09 16:58:34.078,2023-05-09 16:58:34.0,114.07,45.172359,68.89764069482422,2
2023-05-09 16:58:34.127,2023-05-09 16:58:34.0,113.61,45.172359,68.43764161035156,2
2023-05-09 16:58:34.15,2023-05-09 16:58:34.0,113.16,47.363255,65.79674866210937,2
2023-05-09 16:58:34.184,2023-05-09 16:58:34.0,112.76,47.363255,65.39674713623046,2
2023-05-09 16:58:34.209,2023-05-09 16:58:34.2,112.36,47.363255,64.99674561035155,2
2023-05-09 16:58:34.238,2023-05-09 16:58:34.2,111.97,47.363255,64.60674622070312,2
2023-05-09 16:58:34.273,2023-05-09 16:58:34.2,111.61,50.025642,61.584358610351565,2
2023-05-09 16:58:34.3,2023-05-09 16:58:34.2,111.26,50.025642,61.23436013623047,2
2023-05-09 16:58:34.336,2023-05-09 16:58:34.2,110.9,50.025642,60.87435952587891,2
2023-05-09 16:58:34.361,2023-05-09 16:58:34.2,110.52,50.025642,60.49435464306641,2
2023-05-09 16:58:34.394,2023-05-09 16:58:34.2,110.06,50.025642,60.03435555859375,2
2023-05-09 16:58:34.433,2023-05-09 16:58:34.4,109.55,50.025642,59.524361051757815,2
2023-05-09 16:58:34.462,2023-05-09 16:58:34.4,109.0,52.257725,56.742275,2
2023-05-09 16:58:34.509,2023-05-09 16:58:34.4,108.47,52.257725,56.212276220703124,2
2023-05-09 16:58:34.534,2023-05-09 16:58:34.4,107.94,52.257725,55.68227744140625,2
2023-05-09 16:58:34.564,2023-05-09 16:58:34.4,107.42,52.257725,55.16227316894531,2
2023-05-09 16:58:34.607,2023-05-09 16:58:34.6,106.91,52.257725,54.652278662109374,2
2023-05-09 16:58:34.639,2023-05-09 16:58:34.6,106.39,52.257725,54.13227438964844,2
2023-05-09 16:58:34.685,2023-05-09 16:58:34.6,105.88,55.357029,50.52296825341797,2
2023-05-09 16:58:34.711,2023-05-09 16:58:34.6,105.38,55.357029,50.02296825341797,2
2023-05-09 16:58:34.738,2023-05-09 16:58:34.6,104.87,55.357029,49.512973746582034,2
2023-05-09 16:58:34.781,2023-05-09 16:58:34.8,104.38,55.357029,49.02296825341797,2
2023-05-09 16:58:34.814,2023-05-09 16:58:34.8,103.9,55.357029,48.54297252587891,2
2023-05-09 16:58:34.83,2023-05-09 16:58:34.8,103.41,55.357029,48.05297466210938,2
2023-05-09 16:58:34.869,2023-05-09 16:58:34.8,102.89,55.357029,47.53297038964844,2
2023-05-09 16:58:34.89,2023-05-09 16:58:34.8,102.37,55.357029,47.012973746582034,2
2023-05-09 16:58:34.926,2023-05-09 16:58:34.8,101.88,55.357029,46.52296825341797,2
2023-05-09 16:58:34.961,2023-05-09 16:58:34.8,101.46,55.357029,46.10297008447266,2
2023-05-09 16:58:35.003,2023-05-09 16:58:34.8,101.12,55.357029,45.762973746582034,2
2023-05-09 16:58:35.038,2023-05-09 16:58:34.8,100.79,55.357029,45.43297191552735,2
2023-05-09 16:58:35.068,2023-05-09 16:58:35.0,100.5,61.207981,39.292019,2
2023-05-09 16:58:35.095,2023-05-09 16:58:35.0,100.24,61.207981,39.032016863769535,2
2023-05-09 16:58:35.132,2023-05-09 16:58:35.0,99.94,61.207981,38.73202144140625,2
2023-05-09 16:58:35.159,2023-05-09 16:58:35.0,99.55,61.207981,38.342022051757816,2
2023-05-09 16:58:35.194,2023-05-09 16:58:35.2,99.13,61.207981,37.92201625341797,2
2023-05-09 16:58:35.229,2023-05-09 16:58:35.2,98.78,61.207981,37.57201777929688,2
2023-05-09 16:58:35.271,2023-05-09 16:58:35.2,98.46,63.126572,35.33342708447265,2
2023-05-09 16:58:35.305,2023-05-09 16:58:35.2,98.12,63.126572,34.99343074658203,2
2023-05-09 16:58:35.329,2023-05-09 16:58:35.2,97.78,63.126572,34.65342677929687,2
2023-05-09 16:58:35.361,2023-05-09 16:58:35.4,97.49,63.126572,34.36342586376953,2
2023-05-09 16:58:35.402,2023-05-09 16:58:35.4,97.24,63.126572,34.11342586376953,2
2023-05-09 16:58:35.431,2023-05-09 16:58:35.4,97.03,63.126572,33.90342677929687,2
2023-05-09 16:58:35.467,2023-05-09 16:58:35.4,96.81,65.102203,31.707794558593747,2
2023-05-09 16:58:35.506,2023-05-09 16:58:35.4,96.52,65.102203,31.417793643066403,2
2023-05-09 16:58:35.533,2023-05-09 16:58:35.4,96.19,65.102203,31.087799441406247,2
2023-05-09 16:58:35.567,2023-05-09 16:58:35.4,95.87,65.102203,30.76779974658203,2
2023-05-09 16:58:35.598,2023-05-09 16:58:35.4,95.57,65.102203,30.467796694824216,2
2023-05-09 16:58:35.639,2023-05-09 16:58:35.6,95.31,65.102203,30.207794558593747,2
2023-05-09 16:58:35.674,2023-05-09 16:58:35.6,95.16,65.102203,30.057800662109372,2
2023-05-09 16:58:35.704,2023-05-09 16:58:35.6,95.19,65.102203,30.087799441406247,2
2023-05-09 16:58:35.749,2023-05-09 16:58:35.6,95.26,65.102203,30.157799136230466,2
2023-05-09 16:58:35.774,2023-05-09 16:58:35.6,95.31,65.102203,30.207794558593747,2
2023-05-09 16:58:35.806,2023-05-09 16:58:35.6,95.39,65.102203,30.287796389648435,2
2023-05-09 16:58:35.834,2023-05-09 16:58:35.6,95.46,65.102203,30.357796084472653,2
2023-05-09 16:58:35.876,2023-05-09 16:58:35.6,95.42,65.102203,30.31779516894531,2
2023-05-09 16:58:35.91,2023-05-09 16:58:35.6,95.26,65.102203,30.157799136230466,2
2023-05-09 16:58:35.94,2023-05-09 16:58:35.6,95.09,65.102203,29.987793337890622,2
2023-05-09 16:58:35.978,2023-05-09 16:58:35.6,94.97,65.102203,29.867798220703122,2
2023-05-09 16:58:36.015,2023-05-09 16:58:35.6,94.89,65.102203,29.787796389648435,2
2023-05-09 16:58:36.033,2023-05-09 16:58:35.6,94.85,65.102203,29.74779547412109,2
2023-05-09 16:58:36.082,2023-05-09 16:58:35.8,94.81,67.083557,27.72644055859375,2
2023-05-09 16:58:36.108,2023-05-09 16:58:35.8,94.72,67.083557,27.636444220703126,2
2023-05-09 16:58:36.135,2023-05-09 16:58:36.0,94.6,67.438042,27.161956474121098,2
2023-05-09 16:58:36.172,2023-05-09 16:58:36.0,94.45,67.438042,27.01195494824219,2
2023-05-09 16:58:36.2,2023-05-09 16:58:36.0,94.21,67.438042,26.77195708447266,2
2023-05-09 16:58:36.236,2023-05-09 16:58:36.2,93.86,67.438042,26.421958610351567,2
2023-05-09 16:58:36.276,2023-05-09 16:58:36.2,93.47,67.438042,26.03195922070313,2
2023-05-09 16:58:36.311,2023-05-09 16:58:36.2,93.11,67.947182,25.162818610351565,2
2023-05-09 16:58:36.345,2023-05-09 16:58:36.2,92.83,67.947182,24.88281983105469,2
2023-05-09 16:58:36.374,2023-05-09 16:58:36.2,92.58,67.947182,24.63281983105469,2
2023-05-09 16:58:36.428,2023-05-09 16:58:36.4,92.32,67.947182,24.37281769482422,2
2023-05-09 16:58:36.447,2023-05-09 16:58:36.4,92.04,67.947182,24.092818915527346,2
2023-05-09 16:58:36.488,2023-05-09 16:58:36.4,91.71,69.80442,21.905579084472663,2
2023-05-09 16:58:36.522,2023-05-09 16:58:36.4,91.21,69.80442,21.405579084472663,2
2023-05-09 16:58:36.554,2023-05-09 16:58:36.4,90.45,69.80442,20.645576948242194,2
2023-05-09 16:58:36.585,2023-05-09 16:58:36.4,89.53,69.80442,19.72557877929688,2
2023-05-09 16:58:36.619,2023-05-09 16:58:36.4,88.65,69.80442,18.845581525878913,2
2023-05-09 16:58:36.655,2023-05-09 16:58:36.6,87.91,69.80442,18.10558366210938,2
2023-05-09 16:58:36.685,2023-05-09 16:58:36.6,87.32,69.80442,17.515579694824225,2
2023-05-09 16:58:36.718,2023-05-09 16:58:36.6,86.86,69.80442,17.05558061035157,2
2023-05-09 16:58:36.753,2023-05-09 16:58:36.6,86.42,69.80442,16.61557816894532,2
2023-05-09 16:58:36.785,2023-05-09 16:58:36.6,85.9,69.80442,16.095581525878913,2
2023-05-09 16:58:36.819,2023-05-09 16:58:36.8,85.25,69.80442,15.445580000000007,2
2023-05-09 16:58:36.853,2023-05-09 16:58:36.8,84.5,69.80442,14.695580000000007,2
2023-05-09 16:58:36.882,2023-05-09 16:58:36.8,83.72,76.559311,7.160690220703131,2
2023-05-09 16:58:36.919,2023-05-09 16:58:36.8,82.97,76.559311,6.410690220703131,2
2023-05-09 16:58:36.954,2023-05-09 16:58:36.8,82.33,76.559311,5.770690831054694,2
2023-05-09 16:58:36.982,2023-05-09 16:58:36.8,81.8,76.559311,5.240692051757819,2
2023-05-09 16:58:37.015,2023-05-09 16:58:36.8,81.36,76.559311,4.800689610351569,2
2023-05-09 16:58:37.052,2023-05-09 16:58:37.0,80.94,76.559311,4.380691441406256,2
2023-05-09 16:58:37.082,2023-05-09 16:58:37.0,80.48,80.600739,-0.1207356430664106,2
2023-05-09 16:58:37.117,2023-05-09 16:58:37.0,79.96,80.600739,-0.6407399155273481,2
2023-05-09 16:58:37.151,2023-05-09 16:58:37.0,79.37,80.600739,-1.230736253417973,2
2023-05-09 16:58:37.182,2023-05-09 16:58:37.2,78.74,80.600739,-1.860741136230473,2
2023-05-09 16:58:37.216,2023-05-09 16:58:37.2,78.17,80.600739,-2.430740831054692,2
2023-05-09 16:58:37.248,2023-05-09 16:58:37.2,77.69,83.690536,-6.0005335585937445,2
2023-05-09 16:58:37.282,2023-05-09 16:58:37.2,77.28,83.690536,-6.4105372207031195,2
2023-05-09 16:58:37.321,2023-05-09 16:58:37.2,76.89,83.690536,-6.800536610351557,2
2023-05-09 16:58:37.348,2023-05-09 16:58:37.2,76.5,83.690536,-7.1905359999999945,2
2023-05-09 16:58:37.381,2023-05-09 16:58:37.4,76.07,83.690536,-7.620536305175776,2
2023-05-09 16:58:37.422,2023-05-09 16:58:37.4,75.61,83.690536,-8.080535389648432,2
2023-05-09 16:58:37.446,2023-05-09 16:58:37.4,75.13,83.690536,-8.560538746582026,2
2023-05-09 16:58:37.481,2023-05-09 16:58:37.4,74.66,86.325684,-11.66568033789062,2
2023-05-09 16:58:37.519,2023-05-09 16:58:37.4,74.22,86.325684,-12.10568277929687,2
2023-05-09 16:58:37.556,2023-05-09 16:58:37.4,73.79,86.325684,-12.535683084472652,2
2023-05-09 16:58:37.599,2023-05-09 16:58:37.4,73.36,86.325684,-12.965683389648433,2
2023-05-09 16:58:37.628,2023-05-09 16:58:37.6,72.94,86.325684,-13.385681558593745,2
2023-05-09 16:58:37.656,2023-05-09 16:58:37.6,72.51,89.070503,-16.560500863769533,2
2023-05-09 16:58:37.694,2023-05-09 16:58:37.6,72.12,89.070503,-16.95050025341797,2
2023-05-09 16:58:37.728,2023-05-09 16:58:37.6,71.74,89.070503,-17.33050513623047,2
2023-05-09 16:58:37.761,2023-05-09 16:58:37.6,71.35,89.070503,-17.72050452587891,2
2023-05-09 16:58:37.795,2023-05-09 16:58:37.8,70.94,89.070503,-18.130500558593752,2
2023-05-09 16:58:37.829,2023-05-09 16:58:37.8,70.48,89.070503,-18.59049964306641,2
2023-05-09 16:58:37.862,2023-05-09 16:58:37.8,69.97,89.070503,-19.100501779296877,2
2023-05-09 16:58:37.893,2023-05-09 16:58:37.8,69.47,89.070503,-19.600501779296877,2
2023-05-09 16:58:37.928,2023-05-09 16:58:37.8,69.01,89.070503,-20.060500863769533,2
2023-05-09 16:58:37.959,2023-05-09 16:58:37.8,68.6,89.070503,-20.47050452587891,2
2023-05-09 16:58:37.993,2023-05-09 16:58:37.8,67.89,89.070503,-21.180503610351565,2
2023-05-09 16:58:38.027,2023-05-09 16:58:37.8,67.5,89.070503,-21.570503000000002,2
2023-05-09 16:58:38.064,2023-05-09 16:58:38.0,67.04,89.070503,-22.03050208447266,2
2023-05-09 16:58:38.099,2023-05-09 16:58:38.0,66.53,94.229721,-27.699722220703123,2
2023-05-09 16:58:38.131,2023-05-09 16:58:38.0,65.99,94.229721,-28.239723136230467,2
2023-05-09 16:58:38.163,2023-05-09 16:58:38.2,65.48,94.229721,-28.749717643066404,2
2023-05-09 16:58:38.198,2023-05-09 16:58:38.2,65.03,94.229721,-29.199722220703123,2
2023-05-09 16:58:38.231,2023-05-09 16:58:38.2,64.6,94.229721,-29.629722525878904,2
2023-05-09 16:58:38.264,2023-05-09 16:58:38.2,64.18,97.014519,-32.834518694824226,2
2023-05-09 16:58:38.295,2023-05-09 16:58:38.2,63.75,97.014519,-33.26451900000001,2
2023-05-09 16:58:38.33,2023-05-09 16:58:38.2,63.28,97.014519,-33.73452022070313,2
2023-05-09 16:58:38.367,2023-05-09 16:58:38.2,62.76,97.014519,-34.254520678466804,2
2023-05-09 16:58:38.398,2023-05-09 16:58:38.2,62.17,97.014519,-34.844520831054695,2
2023-05-09 16:58:38.43,2023-05-09 16:58:38.2,61.5,97.014519,-35.51451900000001,2
2023-05-09 16:58:38.463,2023-05-09 16:58:38.4,60.81,99.782181,-38.97217962670898,2
2023-05-09 16:58:38.495,2023-05-09 16:58:38.4,60.18,99.782181,-39.60218069482421,2
2023-05-09 16:58:38.534,2023-05-09 16:58:38.4,59.62,99.782181,-40.16218206811523,2
2023-05-09 16:58:38.569,2023-05-09 16:58:38.6,59.14,99.782181,-40.64218161035156,2
2023-05-09 16:58:38.605,2023-05-09 16:58:38.6,58.74,99.782181,-41.0421793215332,2
2023-05-09 16:58:38.634,2023-05-09 16:58:38.6,58.39,99.782181,-41.39218161035156,2
2023-05-09 16:58:38.665,2023-05-09 16:58:38.6,58.04,103.404007,-45.36400608447265,2
2023-05-09 16:58:38.703,2023-05-09 16:58:38.6,57.69,103.404007,-45.71400837329101,2
2023-05-09 16:58:38.733,2023-05-09 16:58:38.6,57.27,103.404007,-46.13400654223632,2
2023-05-09 16:58:38.768,2023-05-09 16:58:38.8,56.78,103.404007,-46.62400822070312,2
2023-05-09 16:58:38.807,2023-05-09 16:58:38.8,56.16,103.404007,-47.24400715258788,2
2023-05-09 16:58:38.834,2023-05-09 16:58:38.8,55.48,103.404007,-47.924007457763665,2
2023-05-09 16:58:38.87,2023-05-09 16:58:38.8,54.83,103.404007,-48.574005168945305,2
2023-05-09 16:58:38.901,2023-05-09 16:58:38.8,54.2,103.404007,-49.20400623706054,2
2023-05-09 16:58:38.935,2023-05-09 16:58:38.8,53.6,105.835869,-52.23587052587891,2
2023-05-09 16:58:38.964,2023-05-09 16:58:38.8,53.05,105.835869,-52.785869762939456,2
2023-05-09 16:58:38.997,2023-05-09 16:58:38.8,52.61,105.835869,-53.22586838964844,2
2023-05-09 16:58:39.039,2023-05-09 16:58:39.0,52.27,105.835869,-53.56586854223633,2
2023-05-09 16:58:39.073,2023-05-09 16:58:39.0,52.02,105.835869,-53.81586854223633,2
2023-05-09 16:58:39.1,2023-05-09 16:58:39.0,51.85,109.516136,-57.66613752587891,2
2023-05-09 16:58:39.141,2023-05-09 16:58:39.0,51.63,109.516136,-57.88613493188477,2
2023-05-09 16:58:39.17,2023-05-09 16:58:39.0,51.44,109.516136,-58.07613737329102,2
2023-05-09 16:58:39.209,2023-05-09 16:58:39.0,51.41,109.516136,-58.106136152587894,2
2023-05-09 16:58:39.236,2023-05-09 16:58:39.2,51.47,109.516136,-58.04613477929688,2
2023-05-09 16:58:39.288,2023-05-09 16:58:39.2,51.43,111.064476,-59.63447569482422,2
2023-05-09 16:58:39.319,2023-05-09 16:58:39.2,51.28,111.064476,-59.784477220703124,2
2023-05-09 16:58:39.351,2023-05-09 16:58:39.2,50.99,111.064476,-60.0744743215332,2
2023-05-09 16:58:39.386,2023-05-09 16:58:39.2,50.64,111.064476,-60.42447661035156,2
2023-05-09 16:58:39.41,2023-05-09 16:58:39.4,50.38,111.064476,-60.684474931884765,2
2023-05-09 16:58:39.456,2023-05-09 16:58:39.4,50.31,111.064476,-60.75447462670898,2
2023-05-09 16:58:39.484,2023-05-09 16:58:39.4,50.32,111.064476,-60.74447630517578,2
2023-05-09 16:58:39.507,2023-05-09 16:58:39.4,50.26,111.835266,-61.5752676784668,2
2023-05-09 16:58:39.548,2023-05-09 16:58:39.4,50.11,111.835266,-61.72526538964844,2
2023-05-09 16:58:39.572,2023-05-09 16:58:39.4,49.87,111.835266,-61.96526706811524,2
2023-05-09 16:58:39.611,2023-05-09 16:58:39.6,49.46,111.835266,-62.37526691552735,2
2023-05-09 16:58:39.658,2023-05-09 16:58:39.6,48.89,111.835266,-62.94526661035157,2
2023-05-09 16:58:39.689,2023-05-09 16:58:39.6,48.31,111.835266,-63.52526462670899,2
2023-05-09 16:58:39.722,2023-05-09 16:58:39.6,47.84,111.835266,-63.995265847412114,2
2023-05-09 16:58:39.752,2023-05-09 16:58:39.6,47.56,111.835266,-64.27526462670899,2
2023-05-09 16:58:39.784,2023-05-09 16:58:39.6,47.42,111.835266,-64.41526783105469,2
2023-05-09 16:58:39.822,2023-05-09 16:58:39.8,47.31,111.835266,-64.52526462670899,2
2023-05-09 16:58:39.855,2023-05-09 16:58:39.8,47.1,111.835266,-64.73526752587891,2
2023-05-09 16:58:39.887,2023-05-09 16:58:39.8,46.76,111.835266,-65.0752676784668,2
2023-05-09 16:58:39.911,2023-05-09 16:58:39.8,46.29,111.835266,-65.54526508447266,2
2023-05-09 16:58:39.947,2023-05-09 16:58:39.8,45.74,114.943237,-69.2032353215332,2
2023-05-09 16:58:39.987,2023-05-09 16:58:39.8,45.2,114.943237,-69.74323623706054,2
2023-05-09 16:58:40.025,2023-05-09 16:58:39.8,44.75,114.943237,-70.193237,2
2023-05-09 16:58:40.052,2023-05-09 16:58:39.8,44.34,114.943237,-70.6032368474121,2
2023-05-09 16:58:40.099,2023-05-09 16:58:40.0,43.95,114.943237,-70.99323623706054,2
2023-05-09 16:58:40.129,2023-05-09 16:58:40.0,43.48,114.943237,-71.46323745776367,2
2023-05-09 16:58:40.159,2023-05-09 16:58:40.0,42.9,117.137451,-74.23744947412109,2
2023-05-09 16:58:40.193,2023-05-09 16:58:40.2,42.24,117.137451,-74.8974493215332,2
2023-05-09 16:58:40.227,2023-05-09 16:58:40.2,41.57,117.137451,-75.56745130517578,2
2023-05-09 16:58:40.259,2023-05-09 16:58:40.2,40.95,120.07299,-79.12298923706055,2
2023-05-09 16:58:40.292,2023-05-09 16:58:40.2,40.39,120.07299,-79.68299061035157,2
2023-05-09 16:58:40.329,2023-05-09 16:58:40.2,39.89,120.07299,-80.18299061035157,2
2023-05-09 16:58:40.358,2023-05-09 16:58:40.4,39.41,120.07299,-80.6629901525879,2
2023-05-09 16:58:40.394,2023-05-09 16:58:40.4,38.95,120.07299,-81.12298923706055,2
2023-05-09 16:58:40.417,2023-05-09 16:58:40.4,38.45,120.07299,-81.62298923706055,2
2023-05-09 16:58:40.458,2023-05-09 16:58:40.4,37.89,120.07299,-82.18299061035157,2
2023-05-09 16:58:40.493,2023-05-09 16:58:40.4,37.3,123.307678,-86.00767876293945,2
2023-05-09 16:58:40.526,2023-05-09 16:58:40.4,36.76,123.307678,-86.54767967846679,2
2023-05-09 16:58:40.557,2023-05-09 16:58:40.6,36.27,123.307678,-87.03767754223632,2
2023-05-09 16:58:40.591,2023-05-09 16:58:40.6,35.79,123.307678,-87.51767708447265,2
2023-05-09 16:58:40.629,2023-05-09 16:58:40.6,35.32,123.307678,-87.98767830517578,2
2023-05-09 16:58:40.657,2023-05-09 16:58:40.6,34.83,126.393478,-91.56347616894531,2
2023-05-09 16:58:40.691,2023-05-09 16:58:40.6,34.35,126.393478,-92.04347952587891,2
2023-05-09 16:58:40.723,2023-05-09 16:58:40.6,33.89,126.393478,-92.50347861035156,2
2023-05-09 16:58:40.757,2023-05-09 16:58:40.6,33.46,126.393478,-92.93347891552735,2
2023-05-09 16:58:40.792,2023-05-09 16:58:40.8,33.04,126.393478,-93.35347708447266,2
2023-05-09 16:58:40.823,2023-05-09 16:58:40.8,32.63,126.393478,-93.76347693188477,2
2023-05-09 16:58:40.857,2023-05-09 16:58:40.8,32.21,129.102005,-96.89200591552733,2
2023-05-09 16:58:40.889,2023-05-09 16:58:40.8,31.77,129.102005,-97.33200454223632,2
2023-05-09 16:58:40.921,2023-05-09 16:58:40.8,31.33,129.102005,-97.77200507629394,2
2023-05-09 16:58:40.956,2023-05-09 16:58:40.8,30.9,129.102005,-98.20200538146972,2
2023-05-09 16:58:40.987,2023-05-09 16:58:40.8,30.45,129.102005,-98.65200423706054,2
2023-05-09 16:58:41.021,2023-05-09 16:58:40.8,29.98,129.102005,-99.12200545776366,2
2023-05-09 16:58:41.056,2023-05-09 16:58:40.8,29.5,129.102005,-99.60200499999999,2
2023-05-09 16:58:41.087,2023-05-09 16:58:40.8,29.07,129.102005,-100.03200530517577,2
2023-05-09 16:58:41.122,2023-05-09 16:58:40.8,28.63,129.102005,-100.47200583923339,2
2023-05-09 16:58:41.155,2023-05-09 16:58:40.8,28.18,129.102005,-100.92200469482421,2
2023-05-09 16:58:41.189,2023-05-09 16:58:40.8,27.72,129.102005,-101.3820056866455,2
2023-05-09 16:58:41.221,2023-05-09 16:58:40.8,27.23,129.102005,-101.87200545776366,2
2023-05-09 16:58:41.254,2023-05-09 16:58:40.8,26.77,129.102005,-102.33200454223632,2
2023-05-09 16:58:41.288,2023-05-09 16:58:40.8,26.36,129.102005,-102.74200438964843,2
2023-05-09 16:58:41.32,2023-05-09 16:58:40.8,25.99,129.102005,-103.11200522888183,2
2023-05-09 16:58:41.354,2023-05-09 16:58:40.8,25.59,129.102005,-103.5120048474121,2
2023-05-09 16:58:41.388,2023-05-09 16:58:41.0,25.15,129.102005,-103.95200538146972,2
2023-05-09 16:58:41.42,2023-05-09 16:58:41.0,24.67,129.102005,-104.43200492370605,2
2023-05-09 16:58:41.451,2023-05-09 16:58:41.0,24.16,131.667557,-107.50755715258788,2
2023-05-09 16:58:41.486,2023-05-09 16:58:41.0,23.63,131.667557,-108.03755783923339,2
2023-05-09 16:58:41.517,2023-05-09 16:58:41.2,23.12,134.427872,-111.30787116076661,2
2023-05-09 16:58:41.551,2023-05-09 16:58:41.4,22.64,136.991974,-114.35197461035156,2
2023-05-09 16:58:41.584,2023-05-09 16:58:41.6,22.17,136.991974,-114.82197392370605,2
2023-05-09 16:58:41.618,2023-05-09 16:58:41.6,21.71,136.991974,-115.28197491552734,2
2023-05-09 16:58:41.652,2023-05-09 16:58:41.6,21.26,136.991974,-115.73197377111816,2
2023-05-09 16:58:41.685,2023-05-09 16:58:41.6,20.82,136.991974,-116.17197430517578,2
2023-05-09 16:58:41.718,2023-05-09 16:58:41.6,20.4,139.954117,-119.55411738146972,2
2023-05-09 16:58:41.753,2023-05-09 16:58:41.6,20.03,139.954117,-119.92411631335449,2
2023-05-09 16:58:41.788,2023-05-09 16:58:41.6,19.65,139.954117,-120.30411738146972,2
2023-05-09 16:58:41.824,2023-05-09 16:58:41.6,19.26,139.954117,-120.69411677111816,2
2023-05-09 16:58:41.85,2023-05-09 16:58:41.8,18.84,139.954117,-121.1141168474121,2
2023-05-09 16:58:41.893,2023-05-09 16:58:41.8,18.43,142.475754,-124.04575369482421,2
2023-05-09 16:58:41.919,2023-05-09 16:58:41.8,18.04,142.475754,-124.43575308447265,2
2023-05-09 16:58:41.958,2023-05-09 16:58:41.8,17.67,142.475754,-124.80575392370605,2
2023-05-09 16:58:41.997,2023-05-09 16:58:41.8,17.33,142.475754,-125.14575407629394,2
2023-05-09 16:58:42.048,2023-05-09 16:58:41.8,17.0,142.475754,-125.475754,2
2023-05-09 16:58:42.08,2023-05-09 16:58:41.8,16.66,142.475754,-125.81575415258789,2
2023-05-09 16:58:42.103,2023-05-09 16:58:41.8,16.3,142.475754,-126.17575476293945,2
2023-05-09 16:58:42.128,2023-05-09 16:58:42.0,15.9,144.785416,-128.88541638146972,2
2023-05-09 16:58:42.149,2023-05-09 16:58:42.0,15.49,144.785416,-129.29541622888183,2
2023-05-09 16:58:42.189,2023-05-09 16:58:42.2,15.08,144.785416,-129.70541607629394,2
2023-05-09 16:58:42.223,2023-05-09 16:58:42.2,14.73,144.785416,-130.05541645776367,2
2023-05-09 16:58:42.251,2023-05-09 16:58:42.2,14.37,144.785416,-130.41541611444092,2
2023-05-09 16:58:42.283,2023-05-09 16:58:42.2,14.01,144.785416,-130.77541577111816,2
2023-05-09 16:58:42.328,2023-05-09 16:58:42.2,13.62,147.001984,-133.3819841144409,2
2023-05-09 16:58:42.363,2023-05-09 16:58:42.2,13.21,147.001984,-133.79198396185302,2
2023-05-09 16:58:42.394,2023-05-09 16:58:42.2,12.8,147.001984,-134.20198380926513,2
2023-05-09 16:58:42.429,2023-05-09 16:58:42.4,12.41,147.001984,-134.59198415258788,2
2023-05-09 16:58:42.463,2023-05-09 16:58:42.4,12.02,147.001984,-134.98198354223632,2
2023-05-09 16:58:42.494,2023-05-09 16:58:42.4,11.67,149.309006,-137.63900592370607,2
2023-05-09 16:58:42.529,2023-05-09 16:58:42.4,11.38,149.309006,-137.9290058855591,2
2023-05-09 16:58:42.562,2023-05-09 16:58:42.4,11.12,149.309006,-138.18900611444093,2
2023-05-09 16:58:42.606,2023-05-09 16:58:42.6,10.8,149.309006,-138.50900580926515,2
2023-05-09 16:58:42.633,2023-05-09 16:58:42.6,10.44,149.309006,-138.8690064196167,2
2023-05-09 16:58:42.668,2023-05-09 16:58:42.6,10.01,151.314621,-141.30462077111815,2
2023-05-09 16:58:42.694,2023-05-09 16:58:42.6,9.57,151.314621,-141.74462130517577,2
2023-05-09 16:58:42.734,2023-05-09 16:58:42.6,9.13,151.314621,-142.18462088555907,2
2023-05-09 16:58:42.759,2023-05-09 16:58:42.6,8.61,151.314621,-142.70462134332274,2
2023-05-09 16:58:42.793,2023-05-09 16:58:42.6,7.97,151.314621,-143.34462120980834,2
2023-05-09 16:58:42.829,2023-05-09 16:58:42.8,7.28,151.314621,-144.03462079019164,2
2023-05-09 16:58:42.859,2023-05-09 16:58:42.8,6.67,151.314621,-144.64462092370604,2
2023-05-09 16:58:42.893,2023-05-09 16:58:42.8,6.22,151.314621,-145.09462120980834,2
2023-05-09 16:58:42.93,2023-05-09 16:58:42.8,5.86,151.314621,-145.45462086648558,2
2023-05-09 16:58:42.958,2023-05-09 16:58:42.8,5.56,151.314621,-145.75462105722045,2
2023-05-09 16:58:42.992,2023-05-09 16:58:42.8,5.27,154.069748,-148.7997480190735,2
2023-05-09 16:58:43.032,2023-05-09 16:58:42.8,4.97,154.069748,-149.09974820980835,2
2023-05-09 16:58:43.059,2023-05-09 16:58:42.8,4.67,154.069748,-149.39974792370606,2
2023-05-09 16:58:43.093,2023-05-09 16:58:42.8,4.39,154.069748,-149.6797481335144,2
2023-05-09 16:58:43.124,2023-05-09 16:58:43.0,4.27,156.844452,-152.57445201907348,2
2023-05-09 16:58:43.16,2023-05-09 16:58:43.0,4.41,156.844452,-152.43445215258788,2
2023-05-09 16:58:43.19,2023-05-09 16:58:43.0,4.69,156.844452,-152.15445194277953,2
2023-05-09 16:58:43.229,2023-05-09 16:58:43.2,4.87,156.844452,-151.9744521144409,2
2023-05-09 16:58:43.258,2023-05-09 16:58:43.2,4.94,156.844452,-151.90445194277953,2
2023-05-09 16:58:43.299,2023-05-09 16:58:43.2,4.92,157.547821,-152.62782092370605,2
2023-05-09 16:58:43.326,2023-05-09 16:58:43.2,4.92,157.547821,-152.62782092370605,2
2023-05-09 16:58:43.358,2023-05-09 16:58:43.2,4.95,157.547821,-152.59782119073486,2
2023-05-09 16:58:43.389,2023-05-09 16:58:43.2,4.96,157.547821,-152.58782096185303,2
2023-05-09 16:58:43.421,2023-05-09 16:58:43.2,4.96,157.547821,-152.58782096185303,2
2023-05-09 16:58:43.456,2023-05-09 16:58:43.4,4.94,157.151703,-152.21170294277954,2
2023-05-09 16:58:43.487,2023-05-09 16:58:43.4,4.91,157.151703,-152.2417031525879,2
2023-05-09 16:58:43.522,2023-05-09 16:58:43.4,4.93,157.151703,-152.22170317166137,2
2023-05-09 16:58:43.555,2023-05-09 16:58:43.4,5.02,157.151703,-152.13170301907348,2
2023-05-09 16:58:43.587,2023-05-09 16:58:43.4,5.17,157.151703,-151.98170292370605,2
2023-05-09 16:58:43.625,2023-05-09 16:58:43.6,5.35,157.151703,-151.80170309536743,2
2023-05-09 16:58:43.654,2023-05-09 16:58:43.6,5.52,157.151703,-151.63170301907348,2
2023-05-09 16:58:43.691,2023-05-09 16:58:43.6,5.65,157.151703,-151.50170290463257,2
2023-05-09 16:58:43.722,2023-05-09 16:58:43.6,5.7,157.151703,-151.45170319073486,2
2023-05-09 16:58:43.765,2023-05-09 16:58:43.6,5.63,156.961945,-151.33194488555907,2
2023-05-09 16:58:43.793,2023-05-09 16:58:43.8,5.49,156.961945,-151.47194522888182,2
2023-05-09 16:58:43.825,2023-05-09 16:58:43.8,5.43,156.961945,-151.53194517166136,2
2023-05-09 16:58:43.888,2023-05-09 16:58:43.8,5.5,156.542892,-151.042892,2
2023-05-09 16:58:43.91,2023-05-09 16:58:43.8,5.55,156.542892,-150.99289180926513,2
2023-05-09 16:58:43.935,2023-05-09 16:58:43.8,5.46,156.542892,-151.08289196185302,2
2023-05-09 16:58:43.965,2023-05-09 16:58:43.8,5.16,156.542892,-151.38289215258789,2
2023-05-09 16:58:43.983,2023-05-09 16:58:43.8,4.77,156.542892,-151.77289201907348,2
2023-05-09 16:58:44.024,2023-05-09 16:58:43.8,4.33,156.542892,-152.21289207629394,2
2023-05-09 16:58:44.061,2023-05-09 16:58:43.8,3.82,156.542892,-152.7228920667572,2
2023-05-09 16:58:44.1,2023-05-09 16:58:44.0,3.31,156.542892,-153.23289205722045,2
2023-05-09 16:58:44.122,2023-05-09 16:58:44.0,2.77,157.201508,-154.43150801907348,2
2023-05-09 16:58:44.152,2023-05-09 16:58:44.0,2.12,157.201508,-155.0815081144409,2
2023-05-09 16:58:44.188,2023-05-09 16:58:44.0,1.41,157.201508,-155.7915080333786,2
2023-05-09 16:58:44.216,2023-05-09 16:58:44.2,0.81,157.201508,-156.3915079976158,2
2023-05-09 16:58:44.251,2023-05-09 16:58:44.2,0.4,157.201508,-156.80150799403953,2
2023-05-09 16:58:44.286,2023-05-09 16:58:44.2,0.05,157.201508,-157.15150799925493,2
2023-05-09 16:58:44.314,2023-05-09 16:58:44.2,-0.34,157.201508,-157.54150800357627,2
2023-05-09 16:58:44.352,2023-05-09 16:58:44.4,-0.78,157.201508,-157.98150797138976,2
2023-05-09 16:58:44.383,2023-05-09 16:58:44.4,-1.21,157.201508,-158.41150803814696,2
2023-05-09 16:58:44.415,2023-05-09 16:58:44.4,-1.6,157.201508,-158.80150802384185,2
2023-05-09 16:58:44.449,2023-05-09 16:58:44.4,-1.94,157.201508,-159.14150805722045,2
2023-05-09 16:58:44.484,2023-05-09 16:58:44.4,-2.29,163.218094,-165.50809396185304,2
2023-05-09 16:58:44.518,2023-05-09 16:58:44.4,-2.71,163.218094,-165.92809403814698,2
2023-05-09 16:58:44.555,2023-05-09 16:58:44.4,-3.15,163.218094,-166.36809409536744,2
2023-05-09 16:58:44.586,2023-05-09 16:58:44.6,-3.59,163.218094,-166.80809391416932,2
2023-05-09 16:58:44.617,2023-05-09 16:58:44.6,-3.98,163.218094,-167.1980940190735,2
2023-05-09 16:58:44.663,2023-05-09 16:58:44.6,-4.51,165.555939,-170.06593922888183,2
2023-05-09 16:58:44.697,2023-05-09 16:58:44.6,-4.85,165.555939,-170.40593890463256,2
2023-05-09 16:58:44.73,2023-05-09 16:58:44.6,-5.17,165.555939,-170.72593907629394,2
2023-05-09 16:58:44.762,2023-05-09 16:58:44.6,-5.54,165.555939,-171.09593896185302,2
2023-05-09 16:58:44.795,2023-05-09 16:58:44.8,-5.93,165.555939,-171.48593882833862,2
2023-05-09 16:58:44.827,2023-05-09 16:58:44.8,-6.32,165.555939,-171.87593917166137,2
2023-05-09 16:58:44.868,2023-05-09 16:58:44.8,-6.66,165.555939,-172.2159388474121,2
2023-05-09 16:58:44.894,2023-05-09 16:58:44.8,-6.95,167.779785,-174.72978480926514,2
2023-05-09 16:58:44.928,2023-05-09 16:58:44.8,-7.22,167.779785,-174.99978479019165,2
2023-05-09 16:58:44.961,2023-05-09 16:58:44.8,-7.45,167.779785,-175.22978480926514,2
2023-05-09 16:58:44.994,2023-05-09 16:58:44.8,-7.68,167.779785,-175.45978482833863,2
2023-05-09 16:58:45.028,2023-05-09 16:58:44.8,-7.92,167.779785,-175.69978507629395,2
2023-05-09 16:58:45.059,2023-05-09 16:58:45.0,-8.15,169.593903,-177.74390261853029,2
2023-05-09 16:58:45.094,2023-05-09 16:58:45.0,-8.37,169.593903,-177.9639028855591,2
2023-05-09 16:58:45.125,2023-05-09 16:58:45.0,-8.6,169.593903,-178.19390338146974,2
2023-05-09 16:58:45.161,2023-05-09 16:58:45.2,-8.83,169.593903,-178.42390292370607,2
2023-05-09 16:58:45.198,2023-05-09 16:58:45.2,-9.09,169.593903,-178.6839031525879,2
2023-05-09 16:58:45.228,2023-05-09 16:58:45.2,-9.41,170.976776,-180.3867758474121,2
2023-05-09 16:58:45.267,2023-05-09 16:58:45.2,-9.79,170.976776,-180.76677596185303,2
2023-05-09 16:58:45.293,2023-05-09 16:58:45.2,-10.14,170.976776,-181.11677634332275,2
2023-05-09 16:58:45.325,2023-05-09 16:58:45.2,-10.46,170.976776,-181.43677603814697,2
2023-05-09 16:58:45.367,2023-05-09 16:58:45.2,-10.72,170.976776,-181.6967762670288,2
2023-05-09 16:58:45.4,2023-05-09 16:58:45.2,-10.94,170.976776,-181.9167755803833,2
2023-05-09 16:58:45.439,2023-05-09 16:58:45.4,-11.13,170.976776,-182.10677611444092,2
2023-05-09 16:58:45.465,2023-05-09 16:58:45.4,-11.37,172.869019,-184.2390188855591,2
2023-05-09 16:58:45.499,2023-05-09 16:58:45.4,-11.7,172.869019,-184.56901880926515,2
2023-05-09 16:58:45.528,2023-05-09 16:58:45.4,-12.09,172.869019,-184.9590191525879,2
2023-05-09 16:58:45.564,2023-05-09 16:58:45.4,-12.46,172.869019,-185.32901903814698,2
2023-05-09 16:58:45.6,2023-05-09 16:58:45.4,-12.81,172.869019,-185.6790194196167,2
2023-05-09 16:58:45.647,2023-05-09 16:58:45.6,-13.15,172.869019,-186.01901861853028,2
2023-05-09 16:58:45.68,2023-05-09 16:58:45.6,-13.48,172.869019,-186.34901854223634,2
2023-05-09 16:58:45.698,2023-05-09 16:58:45.6,-13.84,172.869019,-186.7090191525879,2
2023-05-09 16:58:45.74,2023-05-09 16:58:45.6,-14.25,172.869019,-187.119019,2
2023-05-09 16:58:45.758,2023-05-09 16:58:45.6,-14.69,172.869019,-187.5590185803833,2
2023-05-09 16:58:45.795,2023-05-09 16:58:45.8,-15.1,172.869019,-187.96901938146974,2
2023-05-09 16:58:45.827,2023-05-09 16:58:45.8,-15.51,172.869019,-188.37901922888184,2
2023-05-09 16:58:45.862,2023-05-09 16:58:45.8,-15.91,172.869019,-188.77901884741212,2
2023-05-09 16:58:45.905,2023-05-09 16:58:45.8,-16.3,172.869019,-189.16901823706056,2
2023-05-09 16:58:45.941,2023-05-09 16:58:45.8,-16.68,176.948334,-193.62833430517577,2
2023-05-09 16:58:45.97,2023-05-09 16:58:45.8,-17.06,176.948334,-194.00833346594237,2
2023-05-09 16:58:46.0,2023-05-09 16:58:45.8,-17.44,176.948334,-194.3883345340576,2
2023-05-09 16:58:46.034,2023-05-09 16:58:45.8,-17.8,176.948334,-194.74833323706054,2
2023-05-09 16:58:46.08,2023-05-09 16:58:46.0,-18.15,176.948334,-195.09833361853026,2
2023-05-09 16:58:46.11,2023-05-09 16:58:46.0,-18.52,179.310013,-197.83001345776367,2
2023-05-09 16:58:46.137,2023-05-09 16:58:46.0,-18.89,179.310013,-198.20001238964844,2
2023-05-09 16:58:46.157,2023-05-09 16:58:46.2,-19.28,179.310013,-198.5900136866455,2
2023-05-09 16:58:46.193,2023-05-09 16:58:46.2,-19.68,179.310013,-198.99001330517578,2
2023-05-09 16:58:46.217,2023-05-09 16:58:46.2,-20.03,179.310013,-199.3400136866455,2
2023-05-09 16:58:46.25,2023-05-09 16:58:46.2,-20.33,179.310013,-199.64001292370605,2
2023-05-09 16:58:46.29,2023-05-09 16:58:46.2,-20.63,179.310013,-199.9400121607666,2
2023-05-09 16:58:46.316,2023-05-09 16:58:46.2,-20.98,179.310013,-200.29001254223633,2
2023-05-09 16:58:46.349,2023-05-09 16:58:46.2,-21.38,179.310013,-200.6900121607666,2
2023-05-09 16:58:46.383,2023-05-09 16:58:46.2,-21.8,179.310013,-201.11001223706054,2
2023-05-09 16:58:46.415,2023-05-09 16:58:46.2,-22.22,179.310013,-201.5300123133545,2
2023-05-09 16:58:46.449,2023-05-09 16:58:46.2,-22.59,179.310013,-201.9000131525879,2
2023-05-09 16:58:46.482,2023-05-09 16:58:46.2,-22.93,179.310013,-202.24001330517578,2
2023-05-09 16:58:46.517,2023-05-09 16:58:46.4,-23.23,179.310013,-202.54001254223633,2
2023-05-09 16:58:46.553,2023-05-09 16:58:46.4,-23.58,179.310013,-202.89001292370605,2
2023-05-09 16:58:46.584,2023-05-09 16:58:46.4,-23.98,179.310013,-203.29001254223633,2
2023-05-09 16:58:46.615,2023-05-09 16:58:46.4,-24.4,179.310013,-203.71001261853027,2
2023-05-09 16:58:46.655,2023-05-09 16:58:46.4,-24.84,179.310013,-204.1500131525879,2
2023-05-09 16:58:46.685,2023-05-09 16:58:46.4,-25.28,179.310013,-204.5900136866455,2
2023-05-09 16:58:46.723,2023-05-09 16:58:46.4,-25.71,179.310013,-205.02001208447265,2
2023-05-09 16:58:46.753,2023-05-09 16:58:46.4,-26.12,179.310013,-205.4300138392334,2
2023-05-09 16:58:46.788,2023-05-09 16:58:46.4,-26.52,179.310013,-205.83001345776367,2
2023-05-09 16:58:46.82,2023-05-09 16:58:46.4,-26.96,179.310013,-206.27001208447265,2
2023-05-09 16:58:46.855,2023-05-09 16:58:46.4,-27.43,-176.341949,148.91194869482422,2
2023-05-09 16:58:46.885,2023-05-09 16:58:46.4,-27.91,-176.341949,148.4319491525879,2
2023-05-09 16:58:46.924,2023-05-09 16:58:46.8,-28.41,-171.603867,143.1938671525879,2
2023-05-09 16:58:46.965,2023-05-09 16:58:46.8,-28.9,-171.603867,142.70386738146973,2
2023-05-09 16:58:46.993,2023-05-09 16:58:46.8,-29.38,-171.603867,142.2238678392334,2
2023-05-09 16:58:47.029,2023-05-09 16:58:46.8,-29.83,-171.603867,141.77386707629395,2
2023-05-09 16:58:47.063,2023-05-09 16:58:47.0,-30.25,-168.81131,138.56131,2
2023-05-09 16:58:47.096,2023-05-09 16:58:47.0,-30.67,-168.81131,138.14130992370605,2
2023-05-09 16:58:47.13,2023-05-09 16:58:47.0,-31.08,-168.81131,137.73131007629394,2
2023-05-09 16:58:47.161,2023-05-09 16:58:47.0,-31.51,-168.81131,137.30130977111816,2
2023-05-09 16:58:47.196,2023-05-09 16:58:47.0,-31.91,-168.81131,136.90131015258788,2
2023-05-09 16:58:47.227,2023-05-09 16:58:47.2,-32.28,-168.81131,136.53131122070312,2
2023-05-09 16:58:47.261,2023-05-09 16:58:47.2,-32.63,-166.247604,133.61760293188476,2
2023-05-09 16:58:47.295,2023-05-09 16:58:47.2,-32.93,-166.247604,133.31760369482421,2
2023-05-09 16:58:47.326,2023-05-09 16:58:47.2,-33.19,-166.247604,133.057605373291,2
2023-05-09 16:58:47.363,2023-05-09 16:58:47.2,-33.4,-166.247604,132.8476024741211,2
2023-05-09 16:58:47.394,2023-05-09 16:58:47.2,-33.56,-166.247604,132.68760262670898,2
2023-05-09 16:58:47.433,2023-05-09 16:58:47.2,-33.67,-166.247604,132.57760583105468,2
2023-05-09 16:58:47.475,2023-05-09 16:58:47.4,-33.73,-166.247604,132.51760445776367,2
2023-05-09 16:58:47.505,2023-05-09 16:58:47.4,-33.73,-164.480118,130.75011845776368,2
2023-05-09 16:58:47.542,2023-05-09 16:58:47.4,-33.68,-164.480118,130.80011769482422,2
2023-05-09 16:58:47.563,2023-05-09 16:58:47.6,-33.59,-164.480118,130.8901178474121,2
2023-05-09 16:58:47.592,2023-05-09 16:58:47.6,-33.55,-164.480118,130.93011876293946,2
2023-05-09 16:58:47.625,2023-05-09 16:58:47.6,-33.69,-164.480118,130.79011937329102,2
2023-05-09 16:58:47.674,2023-05-09 16:58:47.6,-33.98,-164.480118,130.50011845776368,2
2023-05-09 16:58:47.694,2023-05-09 16:58:47.6,-34.28,-164.422913,130.14291422070312,2
2023-05-09 16:58:47.737,2023-05-09 16:58:47.6,-34.35,-164.422913,130.0729145258789,2
2023-05-09 16:58:47.757,2023-05-09 16:58:47.8,-34.32,-164.422913,130.10291330517578,2
2023-05-09 16:58:47.79,2023-05-09 16:58:47.8,-34.26,-164.422913,130.1629146784668,2
2023-05-09 16:58:47.823,2023-05-09 16:58:47.8,-34.1,-164.422913,130.3229145258789,2
2023-05-09 16:58:47.875,2023-05-09 16:58:47.8,-33.81,-163.692429,129.882427626709,2
2023-05-09 16:58:47.892,2023-05-09 16:58:47.8,-33.48,-163.692429,130.21242945776368,2
2023-05-09 16:58:47.927,2023-05-09 16:58:47.8,-33.13,-163.692429,130.56242793188477,2
2023-05-09 16:58:47.958,2023-05-09 16:58:47.8,-32.85,-163.692429,130.8424305258789,2
2023-05-09 16:58:47.991,2023-05-09 16:58:47.8,-32.62,-163.692429,131.07243006811524,2
2023-05-09 16:58:48.026,2023-05-09 16:58:47.8,-32.46,-163.692429,131.23242991552735,2
2023-05-09 16:58:48.059,2023-05-09 16:58:48.0,-32.4,-163.692429,131.2924274741211,2
2023-05-09 16:58:48.108,2023-05-09 16:58:48.0,-32.25,-165.216171,132.966171,2
2023-05-09 16:58:48.13,2023-05-09 16:58:48.0,-31.77,-165.216171,133.44617054223633,2
2023-05-09 16:58:48.16,2023-05-09 16:58:48.2,-30.84,-165.216171,134.3761708474121,2
2023-05-09 16:58:48.194,2023-05-09 16:58:48.2,-29.63,-165.216171,135.5861718392334,2
2023-05-09 16:58:48.222,2023-05-09 16:58:48.2,-28.35,-165.216171,136.86617061853028,2
2023-05-09 16:58:48.256,2023-05-09 16:58:48.2,-27.18,-167.502884,140.3228836948242,2
2023-05-09 16:58:48.289,2023-05-09 16:58:48.2,-26.09,-167.502884,141.4128838474121,2
2023-05-09 16:58:48.322,2023-05-09 16:58:48.2,-24.87,-167.502884,142.6328831607666,2
2023-05-09 16:58:48.356,2023-05-09 16:58:48.4,-23.49,-167.502884,144.01288422888183,2
2023-05-09 16:58:48.394,2023-05-09 16:58:48.4,-22.06,-167.502884,145.4428845340576,2
2023-05-09 16:58:48.426,2023-05-09 16:58:48.4,-20.58,-167.502884,146.92288407629394,2
2023-05-09 16:58:48.457,2023-05-09 16:58:48.4,-18.99,-167.502884,148.51288422888183,2
2023-05-09 16:58:48.49,2023-05-09 16:58:48.4,-17.43,-175.032928,157.60292769482422,2
2023-05-09 16:58:48.526,2023-05-09 16:58:48.4,-16.03,-175.032928,159.0029273133545,2
2023-05-09 16:58:48.557,2023-05-09 16:58:48.4,-14.76,-175.032928,160.27292777111816,2
2023-05-09 16:58:48.588,2023-05-09 16:58:48.6,-13.56,-175.032928,161.4729275803833,2
2023-05-09 16:58:48.625,2023-05-09 16:58:48.6,-12.47,-175.032928,162.5629277329712,2
2023-05-09 16:58:48.657,2023-05-09 16:58:48.6,-11.53,176.251602,-187.78160173297118,2
2023-05-09 16:58:48.692,2023-05-09 16:58:48.6,-10.65,176.251602,-186.90160161853026,2
2023-05-09 16:58:48.724,2023-05-09 16:58:48.6,-9.88,176.251602,-186.1316021144409,2
2023-05-09 16:58:48.756,2023-05-09 16:58:48.6,-9.25,176.251602,-185.501602,2
2023-05-09 16:58:48.797,2023-05-09 16:58:48.6,-8.71,176.251602,-184.96160203814696,2
2023-05-09 16:58:48.838,2023-05-09 16:58:48.8,-8.19,176.251602,-184.4416015803833,2
2023-05-09 16:58:48.865,2023-05-09 16:58:48.8,-7.61,170.999847,-178.6098471335144,2
2023-05-09 16:58:48.912,2023-05-09 16:58:48.8,-7.01,170.999847,-178.00984722888182,2
2023-05-09 16:58:48.933,2023-05-09 16:58:48.8,-6.48,170.999847,-177.47984701907347,2
2023-05-09 16:58:48.965,2023-05-09 16:58:48.8,-6.11,170.999847,-177.1098471335144,2
2023-05-09 16:58:48.992,2023-05-09 16:58:48.8,-5.82,170.999847,-176.81984717166137,2
2023-05-09 16:58:49.035,2023-05-09 16:58:48.8,-5.57,170.999847,-176.56984717166137,2
2023-05-09 16:58:49.081,2023-05-09 16:58:49.0,-5.43,168.095917,-173.5259168283386,2
2023-05-09 16:58:49.106,2023-05-09 16:58:49.0,-5.39,168.095917,-173.48591686648558,2
2023-05-09 16:58:49.138,2023-05-09 16:58:49.0,-5.35,168.095917,-173.44591690463255,2
2023-05-09 16:58:49.165,2023-05-09 16:58:49.2,-5.22,168.095917,-173.31591679019164,2
2023-05-09 16:58:49.204,2023-05-09 16:58:49.2,-5.03,168.095917,-173.12591720980834,2
2023-05-09 16:58:49.233,2023-05-09 16:58:49.2,-4.79,168.095917,-172.885916961853,2
2023-05-09 16:58:49.264,2023-05-09 16:58:49.2,-4.52,167.352051,-171.8720509809265,2
2023-05-09 16:58:49.303,2023-05-09 16:58:49.2,-4.23,167.352051,-171.58205101907348,2
2023-05-09 16:58:49.33,2023-05-09 16:58:49.2,-3.96,167.352051,-171.31205103814696,2
2023-05-09 16:58:49.37,2023-05-09 16:58:49.2,-3.75,167.352051,-171.102051,2
2023-05-09 16:58:49.405,2023-05-09 16:58:49.4,-3.66,167.352051,-171.01205108583068,2
2023-05-09 16:58:49.435,2023-05-09 16:58:49.4,-3.61,165.856171,-169.46617089509581,2
2023-05-09 16:58:49.47,2023-05-09 16:58:49.4,-3.52,165.856171,-169.3761709809265,2
2023-05-09 16:58:49.5,2023-05-09 16:58:49.4,-3.41,165.856171,-169.26617108583068,2
2023-05-09 16:58:49.531,2023-05-09 16:58:49.4,-3.24,165.856171,-169.09617100953673,2
2023-05-09 16:58:49.571,2023-05-09 16:58:49.4,-2.96,165.856171,-168.81617103814696,2
2023-05-09 16:58:49.601,2023-05-09 16:58:49.6,-2.56,165.856171,-168.41617094277953,2
2023-05-09 16:58:49.641,2023-05-09 16:58:49.6,-2.17,165.856171,-168.02617107629393,2
2023-05-09 16:58:49.676,2023-05-09 16:58:49.6,-1.85,165.856171,-167.70617102384185,2
2023-05-09 16:58:49.706,2023-05-09 16:58:49.6,-1.6,165.856171,-167.45617102384185,2
2023-05-09 16:58:49.743,2023-05-09 16:58:49.6,-1.47,165.856171,-167.32617102861022,2
2023-05-09 16:58:49.782,2023-05-09 16:58:49.8,-1.46,165.856171,-167.31617103814696,2
2023-05-09 16:58:49.815,2023-05-09 16:58:49.8,-1.52,165.856171,-167.3761709809265,2
2023-05-09 16:58:49.848,2023-05-09 16:58:49.8,-1.6,165.856171,-167.45617102384185,2
2023-05-09 16:58:49.869,2023-05-09 16:58:49.8,-1.54,165.856171,-167.39617096185302,2
2023-05-09 16:58:49.905,2023-05-09 16:58:49.8,-1.37,163.450211,-164.82021100476837,2
2023-05-09 16:58:49.941,2023-05-09 16:58:49.8,-1.13,163.450211,-164.58021099523162,2
2023-05-09 16:58:49.981,2023-05-09 16:58:49.8,-0.94,163.450211,-164.3902109976158,2
2023-05-09 16:58:50.024,2023-05-09 16:58:49.8,-0.92,163.450211,-164.3702110166893,2
2023-05-09 16:58:50.059,2023-05-09 16:58:49.8,-1.03,163.450211,-164.48021097138977,2
2023-05-09 16:58:50.092,2023-05-09 16:58:49.8,-1.19,163.450211,-164.64021105722045,2
2023-05-09 16:58:50.122,2023-05-09 16:58:49.8,-1.4,163.450211,-164.85021097615814,2
2023-05-09 16:58:50.156,2023-05-09 16:58:50.0,-1.57,162.778641,-164.34864105245208,2
2023-05-09 16:58:50.192,2023-05-09 16:58:50.0,-1.69,162.778641,-164.46864105722045,2
2023-05-09 16:58:50.219,2023-05-09 16:58:50.2,-1.77,162.778641,-164.5486409809265,2
2023-05-09 16:58:50.252,2023-05-09 16:58:50.2,-1.85,162.778641,-164.62864102384185,2
2023-05-09 16:58:50.279,2023-05-09 16:58:50.2,-1.89,162.778641,-164.66864098569488,2
2023-05-09 16:58:50.298,2023-05-09 16:58:50.2,-1.96,162.778641,-164.73864103814697,2
2023-05-09 16:58:50.336,2023-05-09 16:58:50.2,-2.09,163.224167,-165.3141669141693,2
2023-05-09 16:58:50.37,2023-05-09 16:58:50.2,-2.3,163.224167,-165.52416695231628,2
2023-05-09 16:58:50.396,2023-05-09 16:58:50.4,-2.6,163.224167,-165.82416690463256,2
2023-05-09 16:58:50.432,2023-05-09 16:58:50.4,-2.93,163.224167,-166.1541670667572,2
2023-05-09 16:58:50.471,2023-05-09 16:58:50.4,-3.25,163.40451,-166.65451,2
2023-05-09 16:58:50.503,2023-05-09 16:58:50.4,-3.55,163.40451,-166.95450995231627,2
2023-05-09 16:58:50.546,2023-05-09 16:58:50.4,-3.83,163.40451,-167.23450992370604,2
2023-05-09 16:58:50.564,2023-05-09 16:58:50.4,-4.05,163.40451,-167.45451019073485,2
2023-05-09 16:58:50.6,2023-05-09 16:58:50.6,-4.23,163.40451,-167.63451001907347,2
2023-05-09 16:58:50.629,2023-05-09 16:58:50.6,-4.41,163.40451,-167.8145098474121,2
2023-05-09 16:58:50.663,2023-05-09 16:58:50.6,-4.64,164.604492,-169.2444918664856,2
2023-05-09 16:58:50.692,2023-05-09 16:58:50.6,-4.88,164.604492,-169.4844921144409,2
2023-05-09 16:58:50.724,2023-05-09 16:58:50.6,-5.14,164.604492,-169.7444918664856,2
2023-05-09 16:58:50.758,2023-05-09 16:58:50.6,-5.42,164.604492,-170.02449207629394,2
2023-05-09 16:58:50.792,2023-05-09 16:58:50.6,-5.66,164.604492,-170.2644918474121,2
2023-05-09 16:58:50.827,2023-05-09 16:58:50.8,-5.86,164.604492,-170.4644921335144,2
2023-05-09 16:58:50.858,2023-05-09 16:58:50.8,-6.03,164.604492,-170.63449220980834,2
2023-05-09 16:58:50.896,2023-05-09 16:58:50.8,-6.19,165.450562,-171.64056205722045,2
2023-05-09 16:58:50.927,2023-05-09 16:58:50.8,-6.35,165.450562,-171.80056190463256,2
2023-05-09 16:58:50.96,2023-05-09 16:58:50.8,-6.52,165.450562,-171.9705619809265,2
2023-05-09 16:58:50.998,2023-05-09 16:58:50.8,-6.7,165.450562,-172.15056180926513,2
2023-05-09 16:58:51.029,2023-05-09 16:58:50.8,-6.91,165.450562,-172.3605618474121,2
2023-05-09 16:58:51.07,2023-05-09 16:58:51.0,-7.14,166.065063,-173.2050628664856,2
2023-05-09 16:58:51.103,2023-05-09 16:58:51.0,-7.31,166.065063,-173.37506294277955,2
2023-05-09 16:58:51.134,2023-05-09 16:58:51.0,-7.44,166.065063,-173.50506305722047,2
2023-05-09 16:58:51.163,2023-05-09 16:58:51.0,-7.55,166.065063,-173.61506319073487,2
2023-05-09 16:58:51.196,2023-05-09 16:58:51.2,-7.66,166.065063,-173.72506284741212,2
2023-05-09 16:58:51.231,2023-05-09 16:58:51.2,-7.74,166.065063,-173.80506277111817,2
2023-05-09 16:58:51.265,2023-05-09 16:58:51.2,-7.79,166.544632,-174.33463196185303,2
2023-05-09 16:58:51.295,2023-05-09 16:58:51.2,-7.82,166.544632,-174.36463217166138,2
2023-05-09 16:58:51.33,2023-05-09 16:58:51.2,-7.84,166.544632,-174.3846321525879,2
2023-05-09 16:58:51.366,2023-05-09 16:58:51.2,-7.84,166.544632,-174.3846321525879,2
2023-05-09 16:58:51.396,2023-05-09 16:58:51.2,-7.88,166.544632,-174.42463211444093,2
2023-05-09 16:58:51.432,2023-05-09 16:58:51.2,-7.93,166.544632,-174.47463182833863,2
2023-05-09 16:58:51.462,2023-05-09 16:58:51.4,-7.96,166.348328,-174.30832803814698,2
2023-05-09 16:58:51.496,2023-05-09 16:58:51.4,-8.03,166.348328,-174.3783277329712,2
2023-05-09 16:58:51.527,2023-05-09 16:58:51.4,-8.12,166.348328,-174.4683278855591,2
2023-05-09 16:58:51.56,2023-05-09 16:58:51.4,-8.21,166.348328,-174.55832803814698,2
2023-05-09 16:58:51.604,2023-05-09 16:58:51.4,-8.3,166.348328,-174.64832819073487,2
2023-05-09 16:58:51.633,2023-05-09 16:58:51.4,-8.39,166.348328,-174.73832834332276,2
2023-05-09 16:58:51.672,2023-05-09 16:58:51.4,-8.51,166.348328,-174.85832822888185,2
2023-05-09 16:58:51.718,2023-05-09 16:58:51.4,-8.64,166.348328,-174.98832834332276,2
2023-05-09 16:58:51.75,2023-05-09 16:58:51.6,-8.76,166.348328,-175.10832822888185,2
2023-05-09 16:58:51.79,2023-05-09 16:58:51.6,-8.9,166.348328,-175.24832761853028,2
2023-05-09 16:58:51.808,2023-05-09 16:58:51.6,-9.05,166.295959,-175.34595919073487,2
2023-05-09 16:58:51.849,2023-05-09 16:58:51.6,-9.18,166.295959,-175.4759593051758,2
2023-05-09 16:58:51.878,2023-05-09 16:58:51.6,-9.28,166.295959,-175.5759587329712,2
2023-05-09 16:58:51.918,2023-05-09 16:58:51.6,-9.35,166.295959,-175.64595938146974,2
2023-05-09 16:58:51.961,2023-05-09 16:58:51.8,-9.42,166.621155,-176.04115507629393,2
2023-05-09 16:58:51.99,2023-05-09 16:58:51.8,-9.44,166.621155,-176.0611545803833,2
2023-05-09 16:58:52.032,2023-05-09 16:58:51.8,-9.49,166.621155,-176.11115477111815,2
2023-05-09 16:58:52.064,2023-05-09 16:58:51.8,-9.56,166.621155,-176.1811554196167,2
2023-05-09 16:58:52.084,2023-05-09 16:58:51.8,-9.65,166.621155,-176.27115461853026,2
2023-05-09 16:58:52.114,2023-05-09 16:58:51.8,-9.83,166.621155,-176.45115492370604,2
2023-05-09 16:58:52.147,2023-05-09 16:58:51.8,-10.06,166.621155,-176.6811554196167,2
2023-05-09 16:58:52.184,2023-05-09 16:58:51.8,-10.31,166.621155,-176.9311554196167,2
2023-05-09 16:58:52.218,2023-05-09 16:58:51.8,-10.52,166.621155,-177.14115545776366,2
2023-05-09 16:58:52.265,2023-05-09 16:58:51.8,-10.68,166.621155,-177.30115530517577,2
2023-05-09 16:58:52.291,2023-05-09 16:58:51.8,-10.72,166.621155,-177.3411552670288,2
2023-05-09 16:58:52.33,2023-05-09 16:58:51.8,-10.66,166.621155,-177.2811548474121,2
2023-05-09 16:58:52.35,2023-05-09 16:58:51.8,-10.57,166.621155,-177.1911546948242,2
2023-05-09 16:58:52.384,2023-05-09 16:58:51.8,-10.55,166.621155,-177.17115519073485,2
2023-05-09 16:58:52.416,2023-05-09 16:58:51.8,-10.6,166.621155,-177.2211553814697,2
2023-05-09 16:58:52.443,2023-05-09 16:58:51.8,-10.71,166.621155,-177.33115503814696,2
2023-05-09 16:58:52.479,2023-05-09 16:58:51.8,-10.87,166.621155,-177.49115488555907,2
2023-05-09 16:58:52.518,2023-05-09 16:58:51.8,-11.01,166.621155,-177.63115522888182,2
2023-05-09 16:58:52.553,2023-05-09 16:58:52.0,-11.14,166.621155,-177.76115534332274,2
2023-05-09 16:58:52.581,2023-05-09 16:58:52.0,-11.23,166.621155,-177.85115454223632,2
2023-05-09 16:58:52.627,2023-05-09 16:58:52.2,-11.28,167.478104,-178.7581037329712,2
2023-05-09 16:58:52.666,2023-05-09 16:58:52.6,-11.34,167.59137,-178.9313701525879,2
2023-05-09 16:58:52.687,2023-05-09 16:58:52.6,-11.47,168.041336,-179.5113362670288,2
2023-05-09 16:58:52.721,2023-05-09 16:58:52.6,-11.63,168.041336,-179.67133611444092,2
2023-05-09 16:58:52.756,2023-05-09 16:58:52.6,-11.74,168.041336,-179.78133577111817,2
2023-05-09 16:58:52.787,2023-05-09 16:58:52.8,-11.79,168.041336,-179.83133596185303,2
2023-05-09 16:58:52.823,2023-05-09 16:58:52.8,-11.87,168.041336,-179.91133588555908,2
2023-05-09 16:58:52.856,2023-05-09 16:58:52.8,-12.0,168.041336,-180.041336,2
2023-05-09 16:58:52.889,2023-05-09 16:58:52.8,-12.14,168.324417,-180.46441734332276,2
2023-05-09 16:58:52.922,2023-05-09 16:58:52.8,-12.22,168.324417,-180.54441726702882,2
2023-05-09 16:58:52.954,2023-05-09 16:58:52.8,-12.28,168.324417,-180.6044167329712,2
2023-05-09 16:58:52.986,2023-05-09 16:58:52.8,-12.33,168.324417,-180.65441692370607,2
2023-05-09 16:58:53.022,2023-05-09 16:58:52.8,-12.41,168.324417,-180.73441684741212,2
2023-05-09 16:58:53.062,2023-05-09 16:58:53.0,-12.49,168.324417,-180.81441677111818,2
2023-05-09 16:58:53.087,2023-05-09 16:58:53.0,-12.56,168.324417,-180.8844174196167,2
2023-05-09 16:58:53.121,2023-05-09 16:58:53.0,-12.65,168.324417,-180.97441661853028,2
2023-05-09 16:58:53.152,2023-05-09 16:58:53.0,-12.73,168.324417,-181.05441654223634,2
2023-05-09 16:58:53.193,2023-05-09 16:58:53.0,-12.79,168.324417,-181.11441696185304,2
2023-05-09 16:58:53.22,2023-05-09 16:58:53.2,-12.87,168.324417,-181.1944168855591,2
2023-05-09 16:58:53.259,2023-05-09 16:58:53.2,-12.96,168.324417,-181.28441703814698,2
2023-05-09 16:58:53.285,2023-05-09 16:58:53.2,-13.03,168.353165,-181.38316473297118,2
2023-05-09 16:58:53.321,2023-05-09 16:58:53.2,-13.1,168.353165,-181.45316538146972,2
2023-05-09 16:58:53.35,2023-05-09 16:58:53.2,-13.14,168.353165,-181.49316534332274,2
2023-05-09 16:58:53.387,2023-05-09 16:58:53.4,-13.13,168.353165,-181.4831651144409,2
2023-05-09 16:58:53.419,2023-05-09 16:58:53.4,-13.12,168.353165,-181.47316488555907,2
2023-05-09 16:58:53.449,2023-05-09 16:58:53.4,-13.1,168.319931,-181.41993138146972,2
2023-05-09 16:58:53.503,2023-05-09 16:58:53.4,-13.13,168.319931,-181.44993111444091,2
2023-05-09 16:58:53.521,2023-05-09 16:58:53.4,-13.18,168.319931,-181.49993130517578,2
2023-05-09 16:58:53.559,2023-05-09 16:58:53.4,-13.23,168.319931,-181.54993054223632,2
2023-05-09 16:58:53.592,2023-05-09 16:58:53.4,-13.29,168.319931,-181.60993096185302,2
2023-05-09 16:58:53.62,2023-05-09 16:58:53.6,-13.33,168.319931,-181.64993092370605,2
2023-05-09 16:58:53.654,2023-05-09 16:58:53.6,-13.37,168.217178,-181.58717788555907,2
2023-05-09 16:58:53.681,2023-05-09 16:58:53.6,-13.42,168.217178,-181.63717807629394,2
2023-05-09 16:58:53.72,2023-05-09 16:58:53.6,-13.53,168.217178,-181.74717773297118,2
2023-05-09 16:58:53.754,2023-05-09 16:58:53.6,-13.68,168.217178,-181.89717830517577,2
2023-05-09 16:58:53.784,2023-05-09 16:58:53.8,-13.83,168.217178,-182.04717792370604,2
2023-05-09 16:58:53.823,2023-05-09 16:58:53.8,-13.94,168.217178,-182.1571775803833,2
2023-05-09 16:58:53.854,2023-05-09 16:58:53.8,-14.02,168.326691,-182.34669145776368,2
2023-05-09 16:58:53.899,2023-05-09 16:58:53.8,-14.04,168.326691,-182.36669096185304,2
2023-05-09 16:58:53.932,2023-05-09 16:58:53.8,-14.01,168.326691,-182.33669122888185,2
2023-05-09 16:58:53.967,2023-05-09 16:58:53.8,-13.95,168.326691,-182.27669080926515,2
2023-05-09 16:58:53.989,2023-05-09 16:58:53.8,-13.89,168.326691,-182.21669134332276,2
2023-05-09 16:58:54.026,2023-05-09 16:58:53.8,-13.85,168.326691,-182.17669138146974,2
2023-05-09 16:58:54.058,2023-05-09 16:58:54.0,-13.86,168.326691,-182.18669065667726,2
2023-05-09 16:58:54.094,2023-05-09 16:58:54.0,-13.88,168.058914,-181.9389141144409,2
2023-05-09 16:58:54.129,2023-05-09 16:58:54.0,-13.9,168.058914,-181.95891361853026,2
2023-05-09 16:58:54.16,2023-05-09 16:58:54.0,-13.91,168.058914,-181.9689138474121,2
2023-05-09 16:58:54.197,2023-05-09 16:58:54.2,-13.91,168.058914,-181.9689138474121,2
2023-05-09 16:58:54.233,2023-05-09 16:58:54.2,-13.89,167.632721,-181.52272134332276,2
2023-05-09 16:58:54.261,2023-05-09 16:58:54.2,-13.88,167.632721,-181.51272111444092,2
2023-05-09 16:58:54.295,2023-05-09 16:58:54.2,-13.85,167.632721,-181.48272138146973,2
2023-05-09 16:58:54.327,2023-05-09 16:58:54.2,-13.77,167.632721,-181.40272145776368,2
2023-05-09 16:58:54.359,2023-05-09 16:58:54.2,-13.74,167.632721,-181.37272077111817,2
2023-05-09 16:58:54.396,2023-05-09 16:58:54.2,-13.79,167.632721,-181.42272096185303,2
2023-05-09 16:58:54.426,2023-05-09 16:58:54.4,-13.94,167.632721,-181.5727205803833,2
2023-05-09 16:58:54.46,2023-05-09 16:58:54.4,-14.1,167.632721,-181.73272138146973,2
2023-05-09 16:58:54.491,2023-05-09 16:58:54.4,-14.23,167.225479,-181.45547854223634,2
2023-05-09 16:58:54.525,2023-05-09 16:58:54.4,-14.32,167.225479,-181.54547869482423,2
2023-05-09 16:58:54.559,2023-05-09 16:58:54.4,-14.4,167.225479,-181.62547861853028,2
2023-05-09 16:58:54.59,2023-05-09 16:58:54.6,-14.54,167.225479,-181.76547896185303,2
2023-05-09 16:58:54.626,2023-05-09 16:58:54.6,-14.74,167.225479,-181.96547877111817,2
2023-05-09 16:58:54.659,2023-05-09 16:58:54.6,-14.9,167.225479,-182.12547861853028,2
2023-05-09 16:58:54.691,2023-05-09 16:58:54.6,-14.97,167.225479,-182.19547926702882,2
2023-05-09 16:58:54.725,2023-05-09 16:58:54.6,-14.98,168.093277,-183.07327654223633,2
2023-05-09 16:58:54.757,2023-05-09 16:58:54.8,-14.91,168.093277,-183.0032768474121,2
2023-05-09 16:58:54.791,2023-05-09 16:58:54.8,-14.76,168.093277,-182.85327722888184,2
2023-05-09 16:58:54.825,2023-05-09 16:58:54.8,-14.65,168.093277,-182.74327661853027,2
2023-05-09 16:58:54.856,2023-05-09 16:58:54.8,-14.56,168.093277,-182.6532774196167,2
2023-05-09 16:58:54.892,2023-05-09 16:58:54.8,-14.47,169.856491,-184.3264912670288,2
2023-05-09 16:58:54.922,2023-05-09 16:58:54.8,-14.42,169.856491,-184.27649107629395,2
2023-05-09 16:58:54.955,2023-05-09 16:58:54.8,-14.43,169.856491,-184.2864913051758,2
2023-05-09 16:58:54.989,2023-05-09 16:58:54.8,-14.49,169.856491,-184.34649077111817,2
2023-05-09 16:58:55.021,2023-05-09 16:58:54.8,-14.51,169.856491,-184.36649122888184,2
2023-05-09 16:58:55.057,2023-05-09 16:58:55.0,-14.52,171.555389,-186.07538945776366,2
2023-05-09 16:58:55.087,2023-05-09 16:58:55.0,-14.49,171.555389,-186.04538877111816,2
2023-05-09 16:58:55.12,2023-05-09 16:58:55.0,-14.37,171.555389,-185.92538888555907,2
2023-05-09 16:58:55.153,2023-05-09 16:58:55.0,-14.16,171.555389,-185.7153888474121,2
2023-05-09 16:58:55.188,2023-05-09 16:58:55.0,-13.94,171.555389,-185.4953885803833,2
2023-05-09 16:58:55.221,2023-05-09 16:58:55.2,-13.72,171.555389,-185.2753892670288,2
2023-05-09 16:58:55.257,2023-05-09 16:58:55.2,-13.54,172.774429,-186.31442896185303,2
2023-05-09 16:58:55.291,2023-05-09 16:58:55.2,-13.36,172.774429,-186.13442865667724,2
2023-05-09 16:58:55.321,2023-05-09 16:58:55.2,-13.12,172.774429,-185.89442888555908,2
2023-05-09 16:58:55.355,2023-05-09 16:58:55.2,-12.82,172.774429,-185.59442869482422,2
2023-05-09 16:58:55.385,2023-05-09 16:58:55.4,-12.44,172.774429,-185.2144285803833,2
2023-05-09 16:58:55.424,2023-05-09 16:58:55.4,-12.1,172.774429,-184.87442938146972,2
2023-05-09 16:58:55.463,2023-05-09 16:58:55.4,-11.84,172.693542,-184.5335421525879,2
2023-05-09 16:58:55.496,2023-05-09 16:58:55.4,-11.65,172.693542,-184.34354161853028,2
2023-05-09 16:58:55.523,2023-05-09 16:58:55.4,-11.51,172.693542,-184.20354222888184,2
2023-05-09 16:58:55.551,2023-05-09 16:58:55.4,-11.37,172.693542,-184.0635418855591,2
2023-05-09 16:58:55.589,2023-05-09 16:58:55.6,-11.24,172.693542,-183.93354177111817,2
2023-05-09 16:58:55.62,2023-05-09 16:58:55.6,-11.05,172.693542,-183.74354219073487,2
2023-05-09 16:58:55.649,2023-05-09 16:58:55.6,-10.83,172.693542,-183.52354192370606,2
2023-05-09 16:58:55.683,2023-05-09 16:58:55.6,-10.5,172.301117,-182.801117,2
2023-05-09 16:58:55.716,2023-05-09 16:58:55.6,-10.12,172.301117,-182.4211168855591,2
2023-05-09 16:58:55.759,2023-05-09 16:58:55.6,-9.71,172.301117,-182.01111703814698,2
2023-05-09 16:58:55.783,2023-05-09 16:58:55.6,-9.35,172.301117,-181.65111738146973,2
2023-05-09 16:58:55.823,2023-05-09 16:58:55.6,-9.03,172.301117,-181.3311167329712,2
2023-05-09 16:58:55.857,2023-05-09 16:58:55.8,-8.73,170.998215,-179.72821454223632,2
2023-05-09 16:58:55.892,2023-05-09 16:58:55.8,-8.42,170.998215,-179.41821507629393,2
2023-05-09 16:58:55.92,2023-05-09 16:58:55.8,-8.13,170.998215,-179.1282151144409,2
2023-05-09 16:58:55.949,2023-05-09 16:58:55.8,-7.88,170.998215,-178.8782151144409,2
2023-05-09 16:58:55.981,2023-05-09 16:58:55.8,-7.69,170.998215,-178.68821505722045,2
2023-05-09 16:58:56.016,2023-05-09 16:58:55.8,-7.52,170.998215,-178.5182149809265,2
2023-05-09 16:58:56.046,2023-05-09 16:58:55.8,-7.35,170.998215,-178.34821490463256,2
2023-05-09 16:58:56.081,2023-05-09 16:58:56.0,-7.22,169.690643,-176.91064279019164,2
2023-05-09 16:58:56.114,2023-05-09 16:58:56.0,-7.09,169.690643,-176.78064315258788,2
2023-05-09 16:58:56.153,2023-05-09 16:58:56.0,-6.93,169.690643,-176.62064282833862,2
2023-05-09 16:58:56.184,2023-05-09 16:58:56.2,-6.76,169.690643,-176.45064322888183,2
2023-05-09 16:58:56.215,2023-05-09 16:58:56.2,-6.57,169.690643,-176.26064317166137,2
2023-05-09 16:58:56.263,2023-05-09 16:58:56.2,-6.35,169.125031,-175.47503090463258,2
2023-05-09 16:58:56.294,2023-05-09 16:58:56.2,-6.09,169.125031,-175.2150311525879,2
2023-05-09 16:58:56.322,2023-05-09 16:58:56.2,-5.8,169.125031,-174.92503119073487,2
2023-05-09 16:58:56.359,2023-05-09 16:58:56.2,-5.52,169.125031,-174.64503098092652,2
2023-05-09 16:58:56.391,2023-05-09 16:58:56.4,-5.28,169.125031,-174.40503120980836,2
2023-05-09 16:58:56.44,2023-05-09 16:58:56.4,-5.04,169.125031,-174.16503096185303,2
2023-05-09 16:58:56.469,2023-05-09 16:58:56.4,-4.8,167.966064,-172.76606419073485,2
2023-05-09 16:58:56.495,2023-05-09 16:58:56.4,-4.57,167.966064,-172.53606417166137,2
2023-05-09 16:58:56.528,2023-05-09 16:58:56.4,-4.35,167.966064,-172.31606390463256,2
2023-05-09 16:58:56.562,2023-05-09 16:58:56.6,-4.15,167.966064,-172.11606409536742,2
2023-05-09 16:58:56.594,2023-05-09 16:58:56.6,-3.98,167.966064,-171.94606401907348,2
2023-05-09 16:58:56.628,2023-05-09 16:58:56.6,-3.8,167.966064,-171.76606395231627,2
2023-05-09 16:58:56.66,2023-05-09 16:58:56.6,-3.61,167.966064,-171.5760638950958,2
2023-05-09 16:58:56.695,2023-05-09 16:58:56.6,-3.47,166.865295,-170.33529502861023,2
2023-05-09 16:58:56.727,2023-05-09 16:58:56.6,-3.35,166.865295,-170.21529490463257,2
2023-05-09 16:58:56.76,2023-05-09 16:58:56.6,-3.26,166.865295,-170.12529499046326,2
2023-05-09 16:58:56.792,2023-05-09 16:58:56.6,-3.14,166.865295,-170.00529510490418,2
2023-05-09 16:58:56.829,2023-05-09 16:58:56.8,-2.94,166.865295,-169.80529505722046,2
2023-05-09 16:58:56.859,2023-05-09 16:58:56.8,-2.66,166.865295,-169.5252950858307,2
2023-05-09 16:58:56.892,2023-05-09 16:58:56.8,-2.32,166.865295,-169.1852949332428,2
2023-05-09 16:58:56.925,2023-05-09 16:58:56.8,-2.01,166.865295,-168.87529499046326,2
2023-05-09 16:58:56.957,2023-05-09 16:58:56.8,-1.77,166.221725,-167.9917249809265,2
2023-05-09 16:58:56.992,2023-05-09 16:58:56.8,-1.52,166.221725,-167.7417249809265,2
2023-05-09 16:58:57.026,2023-05-09 16:58:56.8,-1.25,166.221725,-167.471725,2
2023-05-09 16:58:57.058,2023-05-09 16:58:57.0,-0.98,164.817047,-165.7970470190735,2
2023-05-09 16:58:57.09,2023-05-09 16:58:57.0,-0.73,164.817047,-165.5470470190735,2
2023-05-09 16:58:57.124,2023-05-09 16:58:57.0,-0.46,164.817047,-165.27704700834465,2
2023-05-09 16:58:57.156,2023-05-09 16:58:57.2,-0.15,164.817047,-164.96704700596047,2
2023-05-09 16:58:57.191,2023-05-09 16:58:57.2,0.13,164.817047,-164.68704700476837,2
2023-05-09 16:58:57.224,2023-05-09 16:58:57.2,0.39,164.817047,-164.42704701430512,2
2023-05-09 16:58:57.262,2023-05-09 16:58:57.2,0.72,163.452972,-162.73297197138976,2
2023-05-09 16:58:57.289,2023-05-09 16:58:57.2,1.05,163.452972,-162.4029720476837,2
2023-05-09 16:58:57.323,2023-05-09 16:58:57.2,1.39,163.452972,-162.0629720143051,2
2023-05-09 16:58:57.354,2023-05-09 16:58:57.2,1.79,163.452972,-161.66297203814696,2
2023-05-09 16:58:57.39,2023-05-09 16:58:57.4,2.21,163.452972,-161.24297196185302,2
2023-05-09 16:58:57.423,2023-05-09 16:58:57.4,2.47,163.452972,-160.98297197138976,2
2023-05-09 16:58:57.455,2023-05-09 16:58:57.4,2.62,161.874863,-159.25486311444092,2
2023-05-09 16:58:57.489,2023-05-09 16:58:57.4,2.73,161.874863,-159.14486298092652,2
2023-05-09 16:58:57.522,2023-05-09 16:58:57.4,2.8,161.874863,-159.07486304768372,2
2023-05-09 16:58:57.555,2023-05-09 16:58:57.4,2.79,161.874863,-159.08486303814698,2
2023-05-09 16:58:57.589,2023-05-09 16:58:57.4,2.82,161.874863,-159.0548630667572,2
2023-05-09 16:58:57.623,2023-05-09 16:58:57.4,2.92,161.874863,-158.95486292370606,2
2023-05-09 16:58:57.658,2023-05-09 16:58:57.4,2.99,161.874863,-158.88486299046326,2
2023-05-09 16:58:57.687,2023-05-09 16:58:57.4,3.05,161.874863,-158.82486304768372,2
2023-05-09 16:58:57.719,2023-05-09 16:58:57.4,3.11,161.874863,-158.76486310490418,2
2023-05-09 16:58:57.758,2023-05-09 16:58:57.4,3.18,161.874863,-158.6948629332428,2
2023-05-09 16:58:57.786,2023-05-09 16:58:57.4,3.3,161.874863,-158.57486304768372,2
2023-05-09 16:58:57.821,2023-05-09 16:58:57.4,3.4,161.874863,-158.47486290463257,2
2023-05-09 16:58:57.856,2023-05-09 16:58:57.4,3.42,161.874863,-158.45486292370606,2
2023-05-09 16:58:57.888,2023-05-09 16:58:57.4,3.34,161.874863,-158.5348630858307,2
2023-05-09 16:58:57.92,2023-05-09 16:58:57.4,3.31,161.874863,-158.56486305722046,2
2023-05-09 16:58:57.951,2023-05-09 16:58:57.6,3.37,161.673843,-158.30384311444092,2
2023-05-09 16:58:57.986,2023-05-09 16:58:57.6,3.5,161.673843,-158.173843,2
2023-05-09 16:58:58.023,2023-05-09 16:58:57.8,3.68,161.727371,-158.0473709332428,2
2023-05-09 16:58:58.059,2023-05-09 16:58:58.0,3.84,161.727371,-157.8873710858307,2
2023-05-09 16:58:58.084,2023-05-09 16:58:58.0,4.0,161.727371,-157.727371,2
2023-05-09 16:58:58.123,2023-05-09 16:58:58.0,4.17,161.727371,-157.55737092370606,2
2023-05-09 16:58:58.163,2023-05-09 16:58:58.0,4.26,161.727371,-157.46737077111817,2
2023-05-09 16:58:58.196,2023-05-09 16:58:58.2,4.27,161.727371,-157.4573710190735,2
2023-05-09 16:58:58.23,2023-05-09 16:58:58.2,4.25,161.727371,-157.477371,2
2023-05-09 16:58:58.266,2023-05-09 16:58:58.2,4.26,161.727371,-157.46737077111817,2
2023-05-09 16:58:58.288,2023-05-09 16:58:58.2,4.31,161.727371,-157.41737105722046,2
2023-05-09 16:58:58.331,2023-05-09 16:58:58.2,4.39,161.727371,-157.3373711335144,2
2023-05-09 16:58:58.371,2023-05-09 16:58:58.2,4.48,161.262802,-156.7828019809265,2
2023-05-09 16:58:58.388,2023-05-09 16:58:58.2,4.54,161.262802,-156.72280203814697,2
2023-05-09 16:58:58.429,2023-05-09 16:58:58.4,4.63,161.262802,-156.63280188555908,2
2023-05-09 16:58:58.461,2023-05-09 16:58:58.4,4.76,161.262802,-156.50280177111816,2
2023-05-09 16:58:58.481,2023-05-09 16:58:58.4,4.94,161.027908,-156.08790794277954,2
2023-05-09 16:58:58.517,2023-05-09 16:58:58.4,5.11,161.027908,-155.9179078664856,2
2023-05-09 16:58:58.551,2023-05-09 16:58:58.4,5.26,161.027908,-155.76790777111816,2
2023-05-09 16:58:58.583,2023-05-09 16:58:58.4,5.42,161.027908,-155.60790792370605,2
2023-05-09 16:58:58.626,2023-05-09 16:58:58.6,5.6,161.027908,-155.42790809536743,2
2023-05-09 16:58:58.666,2023-05-09 16:58:58.6,5.77,161.027908,-155.25790801907348,2
2023-05-09 16:58:58.7,2023-05-09 16:58:58.6,5.94,161.027908,-155.08790794277954,2
2023-05-09 16:58:58.732,2023-05-09 16:58:58.6,6.16,161.027908,-154.8679081525879,2
2023-05-09 16:58:58.759,2023-05-09 16:58:58.6,6.41,161.027908,-154.6179081525879,2
2023-05-09 16:58:58.799,2023-05-09 16:58:58.6,6.66,161.027908,-154.3679081525879,2
2023-05-09 16:58:58.833,2023-05-09 16:58:58.8,6.91,161.027908,-154.1179081525879,2
2023-05-09 16:58:58.87,2023-05-09 16:58:58.8,7.15,161.027908,-153.87790790463256,2
2023-05-09 16:58:58.899,2023-05-09 16:58:58.8,7.35,159.449127,-152.09912709536744,2
2023-05-09 16:58:58.959,2023-05-09 16:58:58.8,7.53,159.449127,-151.91912679019165,2
2023-05-09 16:58:58.978,2023-05-09 16:58:58.8,7.72,159.449127,-151.72912720980835,2
2023-05-09 16:58:59.006,2023-05-09 16:58:58.8,7.91,159.449127,-151.5391271525879,2
2023-05-09 16:58:59.029,2023-05-09 16:58:58.8,8.1,159.449127,-151.34912661853028,2
2023-05-09 16:58:59.066,2023-05-09 16:58:59.0,8.28,158.702332,-150.42233226702882,2
2023-05-09 16:58:59.116,2023-05-09 16:58:59.0,8.43,158.702332,-150.27233169482423,2
2023-05-09 16:58:59.134,2023-05-09 16:58:59.0,8.54,158.702332,-150.16233203814699,2
2023-05-09 16:58:59.18,2023-05-09 16:58:59.0,8.63,158.702332,-150.0723318855591,2
2023-05-09 16:58:59.206,2023-05-09 16:58:59.0,8.76,158.702332,-149.94233177111818,2
2023-05-09 16:58:59.254,2023-05-09 16:58:59.2,8.9,158.702332,-149.80233238146974,2
2023-05-09 16:58:59.283,2023-05-09 16:58:59.2,9.03,158.702332,-149.67233226702882,2
2023-05-09 16:58:59.31,2023-05-09 16:58:59.2,9.17,158.322891,-149.15289092370605,2
2023-05-09 16:58:59.333,2023-05-09 16:58:59.2,9.28,158.322891,-149.0428912670288,2
2023-05-09 16:58:59.375,2023-05-09 16:58:59.4,9.36,158.322891,-148.96289134332275,2
2023-05-09 16:58:59.402,2023-05-09 16:58:59.4,9.43,158.322891,-148.89289069482422,2
2023-05-09 16:58:59.437,2023-05-09 16:58:59.4,9.52,158.322891,-148.80289054223633,2
2023-05-09 16:58:59.474,2023-05-09 16:58:59.4,9.66,158.060822,-148.4008221525879,2
2023-05-09 16:58:59.503,2023-05-09 16:58:59.4,9.83,158.060822,-148.23082207629395,2
2023-05-09 16:58:59.54,2023-05-09 16:58:59.4,9.98,158.060822,-148.08082245776367,2
2023-05-09 16:58:59.565,2023-05-09 16:58:59.6,10.08,158.060822,-147.98082207629395,2
2023-05-09 16:58:59.608,2023-05-09 16:58:59.6,10.15,158.060822,-147.91082238146973,2
2023-05-09 16:58:59.639,2023-05-09 16:58:59.6,10.18,158.060822,-147.88082169482422,2
2023-05-09 16:58:59.694,2023-05-09 16:58:59.6,10.14,158.060822,-147.92082165667725,2
2023-05-09 16:58:59.723,2023-05-09 16:58:59.6,10.11,157.678848,-147.56884834332274,2
2023-05-09 16:58:59.767,2023-05-09 16:58:59.6,10.1,157.678848,-147.57884761853026,2
2023-05-09 16:58:59.781,2023-05-09 16:58:59.6,10.06,157.678848,-147.6188475803833,2
2023-05-09 16:58:59.839,2023-05-09 16:58:59.8,10.0,157.678848,-147.678848,2
2023-05-09 16:58:59.848,2023-05-09 16:58:59.8,9.99,157.678848,-147.68884822888182,2
2023-05-09 16:58:59.888,2023-05-09 16:58:59.8,10.05,157.782227,-147.73222680926514,2
2023-05-09 16:58:59.942,2023-05-09 16:58:59.8,10.15,157.782227,-147.63222738146973,2
2023-05-09 16:58:59.958,2023-05-09 16:58:59.8,10.27,157.782227,-147.51222654223633,2
2023-05-09 16:58:59.987,2023-05-09 16:58:59.8,10.41,157.782227,-147.3722271525879,2
2023-05-09 16:59:00.021,2023-05-09 16:58:59.8,10.48,157.782227,-147.30222745776368,2
2023-05-09 16:59:00.051,2023-05-09 16:59:00.0,10.43,157.482529,-147.05252869482422,2
2023-05-09 16:59:00.087,2023-05-09 16:59:00.0,10.34,157.482529,-147.1425288474121,2
2023-05-09 16:59:00.119,2023-05-09 16:59:00.0,10.34,157.482529,-147.1425288474121,2
2023-05-09 16:59:00.152,2023-05-09 16:59:00.0,10.44,157.482529,-147.0425294196167,2
2023-05-09 16:59:00.187,2023-05-09 16:59:00.2,10.61,157.482529,-146.87252934332275,2
2023-05-09 16:59:00.221,2023-05-09 16:59:00.2,10.83,157.482529,-146.65252907629394,2
2023-05-09 16:59:00.251,2023-05-09 16:59:00.2,11.08,157.482529,-146.40252907629394,2
2023-05-09 16:59:00.284,2023-05-09 16:59:00.2,11.36,157.458878,-146.09887834332275,2
2023-05-09 16:59:00.318,2023-05-09 16:59:00.2,11.68,157.458878,-145.77887769482422,2
2023-05-09 16:59:00.352,2023-05-09 16:59:00.2,12.0,157.458878,-145.458878,2
2023-05-09 16:59:00.385,2023-05-09 16:59:00.2,12.25,157.458878,-145.208878,2
2023-05-09 16:59:00.42,2023-05-09 16:59:00.4,12.4,157.458878,-145.05887838146973,2
2023-05-09 16:59:00.451,2023-05-09 16:59:00.4,12.49,157.458878,-144.96887822888183,2
2023-05-09 16:59:00.482,2023-05-09 16:59:00.4,12.57,156.848694,-144.27869430517578,2
2023-05-09 16:59:00.517,2023-05-09 16:59:00.4,12.67,156.848694,-144.17869392370605,2
2023-05-09 16:59:00.551,2023-05-09 16:59:00.4,12.82,156.848694,-144.02869430517578,2
2023-05-09 16:59:00.584,2023-05-09 16:59:00.6,12.98,156.848694,-143.86869445776367,2
2023-05-09 16:59:00.617,2023-05-09 16:59:00.6,13.07,156.848694,-143.77869430517578,2
2023-05-09 16:59:00.65,2023-05-09 16:59:00.6,13.13,157.112381,-143.98238088555908,2
2023-05-09 16:59:00.684,2023-05-09 16:59:00.6,13.17,157.112381,-143.94238092370605,2
2023-05-09 16:59:00.714,2023-05-09 16:59:00.6,13.19,157.112381,-143.9223814196167,2
2023-05-09 16:59:00.75,2023-05-09 16:59:00.6,13.24,157.112381,-143.87238122888184,2
2023-05-09 16:59:00.783,2023-05-09 16:59:00.8,13.31,157.112381,-143.8023805803833,2
2023-05-09 16:59:00.813,2023-05-09 16:59:00.8,13.33,157.112381,-143.78238107629394,2
2023-05-09 16:59:00.847,2023-05-09 16:59:00.8,13.37,157.112381,-143.74238111444092,2
2023-05-09 16:59:00.88,2023-05-09 16:59:00.8,13.52,157.730515,-144.21051454223633,2
2023-05-09 16:59:00.917,2023-05-09 16:59:00.8,13.78,157.730515,-143.9505152670288,2
2023-05-09 16:59:00.948,2023-05-09 16:59:00.8,14.15,157.730515,-143.58051538146972,2
2023-05-09 16:59:01.002,2023-05-09 16:59:00.8,14.66,157.730515,-143.0705151525879,2
2023-05-09 16:59:01.029,2023-05-09 16:59:00.8,15.42,157.730515,-142.31051492370605,2
2023-05-09 16:59:01.065,2023-05-09 16:59:01.0,15.63,156.996658,-141.36665788555908,2
2023-05-09 16:59:01.096,2023-05-09 16:59:01.0,15.9,156.996658,-141.09665838146972,2
2023-05-09 16:59:01.154,2023-05-09 16:59:01.0,16.14,156.996658,-140.85665861035156,2
2023-05-09 16:59:01.171,2023-05-09 16:59:01.0,16.29,156.996658,-140.70665708447265,2
2023-05-09 16:59:01.213,2023-05-09 16:59:01.0,16.38,156.996658,-140.6166588392334,2
2023-05-09 16:59:01.229,2023-05-09 16:59:01.2,16.47,156.996658,-140.5266586866455,2
2023-05-09 16:59:01.274,2023-05-09 16:59:01.2,16.54,156.996658,-140.45665708447265,2
2023-05-09 16:59:01.305,2023-05-09 16:59:01.2,16.53,156.996658,-140.4666573133545,2
2023-05-09 16:59:01.342,2023-05-09 16:59:01.2,16.51,154.235931,-137.72593077111816,2
2023-05-09 16:59:01.375,2023-05-09 16:59:01.2,16.64,154.235931,-137.59593161035156,2
2023-05-09 16:59:01.408,2023-05-09 16:59:01.4,16.94,154.235931,-137.29593046594238,2
2023-05-09 16:59:01.438,2023-05-09 16:59:01.4,17.19,154.235931,-137.04593046594238,2
2023-05-09 16:59:01.469,2023-05-09 16:59:01.4,17.24,154.235931,-136.99593122888183,2
2023-05-09 16:59:01.5,2023-05-09 16:59:01.4,17.28,154.235931,-136.9559303133545,2
2023-05-09 16:59:01.545,2023-05-09 16:59:01.4,17.39,151.121338,-133.73133861035157,2
2023-05-09 16:59:01.586,2023-05-09 16:59:01.4,17.52,151.121338,-133.60133754223634,2
2023-05-09 16:59:01.608,2023-05-09 16:59:01.4,17.57,151.121338,-133.5513383051758,2
2023-05-09 16:59:01.652,2023-05-09 16:59:01.6,17.62,151.121338,-133.5013371607666,2
2023-05-09 16:59:01.687,2023-05-09 16:59:01.6,17.37,151.121338,-133.7513371607666,2
2023-05-09 16:59:01.712,2023-05-09 16:59:01.6,16.97,151.121338,-134.15133868664552,2
2023-05-09 16:59:01.746,2023-05-09 16:59:01.6,16.59,148.150055,-131.56005484741212,2
2023-05-09 16:59:01.779,2023-05-09 16:59:01.6,16.29,148.150055,-131.86005408447267,2
2023-05-09 16:59:01.801,2023-05-09 16:59:01.6,16.11,148.150055,-132.04005438964845,2
2023-05-09 16:59:01.841,2023-05-09 16:59:01.8,16.0,148.150055,-132.150055,2
2023-05-09 16:59:01.861,2023-05-09 16:59:01.8,15.79,148.150055,-132.36005503814698,2
2023-05-09 16:59:01.893,2023-05-09 16:59:01.8,15.58,148.150055,-132.57005507629395,2
2023-05-09 16:59:01.924,2023-05-09 16:59:01.8,15.26,147.832886,-132.57288577111817,2
2023-05-09 16:59:01.959,2023-05-09 16:59:01.8,14.87,147.832886,-132.96288611444092,2
2023-05-09 16:59:01.989,2023-05-09 16:59:01.8,14.53,147.832886,-133.3028862670288,2
2023-05-09 16:59:02.027,2023-05-09 16:59:01.8,14.3,147.832886,-133.53288580926514,2
2023-05-09 16:59:02.057,2023-05-09 16:59:01.8,14.23,147.832886,-133.60288645776367,2
2023-05-09 16:59:02.089,2023-05-09 16:59:02.0,13.89,148.7052,-134.81519965667724,2
2023-05-09 16:59:02.121,2023-05-09 16:59:02.0,13.29,148.7052,-135.41520003814696,2
2023-05-09 16:59:02.159,2023-05-09 16:59:02.0,12.72,148.7052,-135.98519973297118,2
2023-05-09 16:59:02.191,2023-05-09 16:59:02.0,12.34,148.7052,-136.3651998474121,2
2023-05-09 16:59:02.235,2023-05-09 16:59:02.2,12.21,148.7052,-136.49519996185302,2
2023-05-09 16:59:02.265,2023-05-09 16:59:02.2,12.2,148.7052,-136.50520019073485,2
2023-05-09 16:59:02.3,2023-05-09 16:59:02.2,12.25,150.721558,-138.471558,2
2023-05-09 16:59:02.325,2023-05-09 16:59:02.2,12.44,150.721558,-138.2815584196167,2
2023-05-09 16:59:02.365,2023-05-09 16:59:02.2,12.6,150.721558,-138.12155761853026,2
2023-05-09 16:59:02.397,2023-05-09 16:59:02.4,12.9,150.721558,-137.8215583814697,2
2023-05-09 16:59:02.425,2023-05-09 16:59:02.4,12.94,150.721558,-137.7815584196167,2
2023-05-09 16:59:02.455,2023-05-09 16:59:02.4,12.87,150.721558,-137.8515581144409,2
2023-05-09 16:59:02.491,2023-05-09 16:59:02.4,12.68,150.721558,-138.0415576948242,2
2023-05-09 16:59:02.532,2023-05-09 16:59:02.4,12.49,150.451004,-137.96100422888185,2
2023-05-09 16:59:02.56,2023-05-09 16:59:02.4,12.47,150.451004,-137.9810037329712,2
2023-05-09 16:59:02.594,2023-05-09 16:59:02.4,12.45,150.451004,-138.00100419073488,2
2023-05-09 16:59:02.623,2023-05-09 16:59:02.4,12.48,150.451004,-137.97100445776368,2
2023-05-09 16:59:02.656,2023-05-09 16:59:02.4,12.57,150.451004,-137.8810043051758,2
2023-05-09 16:59:02.697,2023-05-09 16:59:02.4,12.59,150.451004,-137.86100384741212,2
2023-05-09 16:59:02.725,2023-05-09 16:59:02.4,12.53,150.451004,-137.92100426702882,2
2023-05-09 16:59:02.76,2023-05-09 16:59:02.6,12.42,150.476013,-138.05601292370605,2
2023-05-09 16:59:02.791,2023-05-09 16:59:02.6,12.42,150.476013,-138.05601292370605,2
2023-05-09 16:59:02.829,2023-05-09 16:59:02.8,12.55,150.476013,-137.92601280926513,2
2023-05-09 16:59:02.859,2023-05-09 16:59:02.8,12.7,150.476013,-137.77601319073486,2
2023-05-09 16:59:02.896,2023-05-09 16:59:02.8,12.81,150.42334,-137.6133395803833,2
2023-05-09 16:59:02.926,2023-05-09 16:59:02.8,12.94,150.42334,-137.4833404196167,2
2023-05-09 16:59:02.966,2023-05-09 16:59:02.8,13.12,150.42334,-137.3033401144409,2
2023-05-09 16:59:02.999,2023-05-09 16:59:02.8,13.36,150.42334,-137.06334034332275,2
2023-05-09 16:59:03.034,2023-05-09 16:59:02.8,13.6,150.42334,-136.82333961853027,2
2023-05-09 16:59:03.061,2023-05-09 16:59:02.8,13.83,150.42334,-136.59334007629394,2
2023-05-09 16:59:03.096,2023-05-09 16:59:02.8,14.04,150.42334,-136.38334003814697,2
2023-05-09 16:59:03.129,2023-05-09 16:59:02.8,14.24,150.42334,-136.18334022888183,2
2023-05-09 16:59:03.159,2023-05-09 16:59:02.8,14.5,150.42334,-135.92334,2
2023-05-09 16:59:03.194,2023-05-09 16:59:02.8,14.88,150.42334,-135.54333988555908,2
2023-05-09 16:59:03.237,2023-05-09 16:59:02.8,15.35,150.42334,-135.07333961853027,2
2023-05-09 16:59:03.27,2023-05-09 16:59:02.8,15.9,150.42334,-134.52334038146972,2
2023-05-09 16:59:03.3,2023-05-09 16:59:02.8,16.46,150.42334,-133.96334091552734,2
2023-05-09 16:59:03.33,2023-05-09 16:59:02.8,17.05,150.42334,-133.37334076293945,2
2023-05-09 16:59:03.364,2023-05-09 16:59:02.8,17.72,150.42334,-132.7033406866455,2
2023-05-09 16:59:03.395,2023-05-09 16:59:02.8,18.37,150.42334,-132.0533391607666,2
2023-05-09 16:59:03.43,2023-05-09 16:59:03.0,18.92,150.42334,-131.50333992370605,2
2023-05-09 16:59:03.47,2023-05-09 16:59:03.0,19.35,149.57634,-130.22633961853026,2
2023-05-09 16:59:03.501,2023-05-09 16:59:03.2,19.7,148.084244,-128.38424323706056,2
2023-05-09 16:59:03.537,2023-05-09 16:59:03.4,20.05,144.752045,-124.70204576293946,2
2023-05-09 16:59:03.576,2023-05-09 16:59:03.4,20.4,144.752045,-124.35204538146974,2
2023-05-09 16:59:03.601,2023-05-09 16:59:03.4,20.74,144.752045,-124.01204522888185,2
2023-05-09 16:59:03.639,2023-05-09 16:59:03.6,21.09,144.752045,-123.66204484741212,2
2023-05-09 16:59:03.667,2023-05-09 16:59:03.6,21.55,144.752045,-123.20204576293946,2
2023-05-09 16:59:03.703,2023-05-09 16:59:03.6,22.13,142.073334,-119.94333483923339,2
2023-05-09 16:59:03.735,2023-05-09 16:59:03.6,22.76,142.073334,-119.31333377111815,2
2023-05-09 16:59:03.774,2023-05-09 16:59:03.6,23.34,142.073334,-118.7333338474121,2
2023-05-09 16:59:03.811,2023-05-09 16:59:03.8,23.83,142.073334,-118.24333407629393,2
2023-05-09 16:59:03.844,2023-05-09 16:59:03.8,24.22,142.073334,-117.8533346866455,2
2023-05-09 16:59:03.868,2023-05-09 16:59:03.8,24.56,142.073334,-117.5133345340576,2
2023-05-09 16:59:03.908,2023-05-09 16:59:03.8,24.96,139.04686,-114.08686091552735,2
2023-05-09 16:59:03.931,2023-05-09 16:59:03.8,25.48,139.04686,-113.56686045776368,2
2023-05-09 16:59:03.982,2023-05-09 16:59:03.8,26.06,139.04686,-112.98686053405763,2
2023-05-09 16:59:04.002,2023-05-09 16:59:03.8,26.64,139.04686,-112.40686061035157,2
2023-05-09 16:59:04.04,2023-05-09 16:59:03.8,27.24,139.04686,-111.80686022888185,2
2023-05-09 16:59:04.064,2023-05-09 16:59:03.8,27.91,139.04686,-111.1368601525879,2
2023-05-09 16:59:04.105,2023-05-09 16:59:04.0,28.69,136.283035,-107.5930344659424,2
2023-05-09 16:59:04.128,2023-05-09 16:59:04.0,29.58,136.283035,-106.70303507629396,2
2023-05-09 16:59:04.168,2023-05-09 16:59:04.0,30.51,136.283035,-105.77303477111818,2
2023-05-09 16:59:04.194,2023-05-09 16:59:04.2,31.43,136.283035,-104.85303469482423,2
2023-05-09 16:59:04.227,2023-05-09 16:59:04.2,32.27,136.283035,-104.01303454223634,2
2023-05-09 16:59:04.268,2023-05-09 16:59:04.2,32.98,136.283035,-103.30303545776368,2
2023-05-09 16:59:04.304,2023-05-09 16:59:04.2,33.63,131.699738,-98.06973693188476,2
2023-05-09 16:59:04.347,2023-05-09 16:59:04.2,34.28,131.699738,-97.41973922070312,2
2023-05-09 16:59:04.376,2023-05-09 16:59:04.2,34.98,131.699738,-96.71973845776367,2
2023-05-09 16:59:04.419,2023-05-09 16:59:04.4,35.71,131.699738,-95.98973891552734,2
2023-05-09 16:59:04.441,2023-05-09 16:59:04.4,36.53,131.699738,-95.16973922070312,2
2023-05-09 16:59:04.479,2023-05-09 16:59:04.4,37.52,131.699738,-94.17973754223632,2
2023-05-09 16:59:04.507,2023-05-09 16:59:04.4,38.62,127.256508,-88.63650906811523,2
2023-05-09 16:59:04.539,2023-05-09 16:59:04.4,39.71,127.256508,-87.54650891552734,2
2023-05-09 16:59:04.576,2023-05-09 16:59:04.4,40.71,127.256508,-86.54650891552734,2
2023-05-09 16:59:04.606,2023-05-09 16:59:04.6,41.63,127.256508,-85.62650693188476,2
2023-05-09 16:59:04.642,2023-05-09 16:59:04.6,42.57,127.256508,-84.68650830517578,2
2023-05-09 16:59:04.677,2023-05-09 16:59:04.6,43.57,127.256508,-83.68650830517578,2
2023-05-09 16:59:04.706,2023-05-09 16:59:04.6,44.65,121.453743,-76.8037414741211,2
2023-05-09 16:59:04.744,2023-05-09 16:59:04.6,45.72,121.453743,-75.73374177929688,2
2023-05-09 16:59:04.776,2023-05-09 16:59:04.6,46.78,121.453743,-74.67374422070313,2
2023-05-09 16:59:04.804,2023-05-09 16:59:04.6,47.84,121.453743,-73.61374284741211,2
2023-05-09 16:59:04.842,2023-05-09 16:59:04.8,48.91,121.453743,-72.5437431525879,2
2023-05-09 16:59:04.873,2023-05-09 16:59:04.8,50.0,121.453743,-71.453743,2
2023-05-09 16:59:04.924,2023-05-09 16:59:04.8,51.11,121.453743,-70.34374238964844,2
2023-05-09 16:59:04.951,2023-05-09 16:59:04.8,52.19,115.254311,-63.06431237329102,2
2023-05-09 16:59:04.983,2023-05-09 16:59:04.8,53.26,115.254311,-61.9943126784668,2
2023-05-09 16:59:05.011,2023-05-09 16:59:04.8,54.3,115.254311,-60.954311762939454,2
2023-05-09 16:59:05.048,2023-05-09 16:59:04.8,55.26,115.254311,-59.9943126784668,2
2023-05-09 16:59:05.085,2023-05-09 16:59:04.8,56.16,115.254311,-59.09431115258789,2
2023-05-09 16:59:05.118,2023-05-09 16:59:04.8,57.07,115.254311,-58.18431130517578,2
2023-05-09 16:59:05.152,2023-05-09 16:59:04.8,58.01,115.254311,-57.2443126784668,2
2023-05-09 16:59:05.18,2023-05-09 16:59:05.0,58.97,108.706512,-49.73651077929688,2
2023-05-09 16:59:05.216,2023-05-09 16:59:05.0,60.03,108.706512,-48.67651322070313,2
2023-05-09 16:59:05.248,2023-05-09 16:59:05.2,61.16,108.706512,-47.546512152587894,2
2023-05-09 16:59:05.286,2023-05-09 16:59:05.2,62.33,108.706512,-46.376510168945316,2
2023-05-09 16:59:05.327,2023-05-09 16:59:05.2,63.51,102.92981,-39.4198116784668,2
2023-05-09 16:59:05.353,2023-05-09 16:59:05.2,64.66,102.92981,-38.26980633789063,2
2023-05-09 16:59:05.388,2023-05-09 16:59:05.2,65.79,102.92981,-37.13980908447266,2
2023-05-09 16:59:05.418,2023-05-09 16:59:05.4,66.96,102.92981,-35.96981091552735,2
2023-05-09 16:59:05.443,2023-05-09 16:59:05.4,68.2,102.92981,-34.729813051757816,2
2023-05-09 16:59:05.468,2023-05-09 16:59:05.4,69.35,96.108253,-26.75825452587891,2
2023-05-09 16:59:05.506,2023-05-09 16:59:05.4,70.33,96.108253,-25.778251168945317,2
2023-05-09 16:59:05.552,2023-05-09 16:59:05.4,71.24,96.108253,-24.868255136230474,2
2023-05-09 16:59:05.576,2023-05-09 16:59:05.4,72.14,96.108253,-23.968253610351567,2
2023-05-09 16:59:05.61,2023-05-09 16:59:05.4,73.1,96.108253,-23.00825452587891,2
2023-05-09 16:59:05.651,2023-05-09 16:59:05.6,74.05,96.108253,-22.058249948242192,2
2023-05-09 16:59:05.687,2023-05-09 16:59:05.6,74.84,96.108253,-21.26825666210938,2
2023-05-09 16:59:05.708,2023-05-09 16:59:05.6,75.5,96.108253,-20.608253000000005,2
2023-05-09 16:59:05.736,2023-05-09 16:59:05.6,76.13,89.837326,-13.707328746582036,2
2023-05-09 16:59:05.774,2023-05-09 16:59:05.6,76.79,89.837326,-13.04732508447266,2
2023-05-09 16:59:05.802,2023-05-09 16:59:05.6,77.53,89.837326,-12.30732722070313,2
2023-05-09 16:59:05.832,2023-05-09 16:59:05.8,78.29,89.837326,-11.54732508447266,2
2023-05-09 16:59:05.87,2023-05-09 16:59:05.8,79.04,89.837326,-10.79732508447266,2
2023-05-09 16:59:05.914,2023-05-09 16:59:05.8,79.75,89.837326,-10.087326000000004,2
2023-05-09 16:59:05.934,2023-05-09 16:59:05.8,80.44,85.278694,-4.8386915585937516,2
2023-05-09 16:59:05.976,2023-05-09 16:59:05.8,81.18,85.278694,-4.09869369482422,2
2023-05-09 16:59:06.018,2023-05-09 16:59:05.8,81.89,85.278694,-3.388694610351564,2
2023-05-09 16:59:06.047,2023-05-09 16:59:05.8,82.63,85.278694,-2.648696746582033,2
2023-05-09 16:59:06.073,2023-05-09 16:59:05.8,83.42,85.278694,-1.858695831054689,2
2023-05-09 16:59:06.104,2023-05-09 16:59:06.0,84.24,81.027435,3.2125628637695343,2
2023-05-09 16:59:06.144,2023-05-09 16:59:06.0,85.06,81.027435,4.032562558593753,2
2023-05-09 16:59:06.174,2023-05-09 16:59:06.0,85.84,81.027435,4.812561337890628,2
2023-05-09 16:59:06.216,2023-05-09 16:59:06.2,86.56,81.027435,5.532562558593753,2
2023-05-09 16:59:06.247,2023-05-09 16:59:06.2,87.3,81.027435,6.2725680517578155,2
2023-05-09 16:59:06.281,2023-05-09 16:59:06.2,88.18,81.027435,7.152565305175784,2
2023-05-09 16:59:06.31,2023-05-09 16:59:06.2,89.23,81.027435,8.202568356933597,2
2023-05-09 16:59:06.34,2023-05-09 16:59:06.2,90.37,76.379761,13.99024174658203,2
2023-05-09 16:59:06.385,2023-05-09 16:59:06.2,91.51,76.379761,15.130241136230467,2
2023-05-09 16:59:06.404,2023-05-09 16:59:06.2,92.59,76.379761,16.210235337890623,2
2023-05-09 16:59:06.442,2023-05-09 16:59:06.4,93.64,76.379761,17.260238389648435,2
2023-05-09 16:59:06.479,2023-05-09 16:59:06.4,94.67,76.379761,18.29023716894531,2
2023-05-09 16:59:06.5,2023-05-09 16:59:06.4,95.67,76.379761,19.29023716894531,2
2023-05-09 16:59:06.549,2023-05-09 16:59:06.4,96.61,70.630005,25.979995610351565,2
2023-05-09 16:59:06.57,2023-05-09 16:59:06.4,97.47,70.630005,26.839996220703128,2
2023-05-09 16:59:06.61,2023-05-09 16:59:06.4,98.28,70.630005,27.649993779296878,2
2023-05-09 16:59:06.641,2023-05-09 16:59:06.4,99.07,70.630005,28.43999469482422,2
2023-05-09 16:59:06.685,2023-05-09 16:59:06.6,99.96,70.630005,29.32999408447266,2
2023-05-09 16:59:06.721,2023-05-09 16:59:06.6,101.0,64.564835,36.435165,2
2023-05-09 16:59:06.754,2023-05-09 16:59:06.6,102.18,64.564835,37.61516530517578,2
2023-05-09 16:59:06.788,2023-05-09 16:59:06.6,103.39,64.564835,38.825164389648435,2
2023-05-09 16:59:06.818,2023-05-09 16:59:06.6,104.53,64.564835,39.96516377929687,2
2023-05-09 16:59:06.856,2023-05-09 16:59:06.8,105.57,64.564835,41.00516469482422,2
2023-05-09 16:59:06.892,2023-05-09 16:59:06.8,106.58,64.564835,42.015166831054685,2
2023-05-09 16:59:06.919,2023-05-09 16:59:06.8,107.61,64.564835,43.04516561035156,2
2023-05-09 16:59:06.955,2023-05-09 16:59:06.8,108.66,58.55838,50.101623662109375,2
2023-05-09 16:59:06.994,2023-05-09 16:59:06.8,109.79,58.55838,51.231620915527344,2
2023-05-09 16:59:07.021,2023-05-09 16:59:06.8,110.95,58.55838,52.39161694824219,2
2023-05-09 16:59:07.043,2023-05-09 16:59:06.8,111.98,58.55838,53.421623356933594,2
2023-05-09 16:59:07.077,2023-05-09 16:59:06.8,112.82,58.55838,54.26161969482422,2
2023-05-09 16:59:07.113,2023-05-09 16:59:06.8,113.55,58.55838,54.99162305175781,2
2023-05-09 16:59:07.156,2023-05-09 16:59:07.0,114.3,52.112141,62.18786205175781,2
2023-05-09 16:59:07.186,2023-05-09 16:59:07.0,115.24,52.112141,63.12785686376953,2
2023-05-09 16:59:07.211,2023-05-09 16:59:07.2,116.41,52.112141,64.29786266210937,2
2023-05-09 16:59:07.252,2023-05-09 16:59:07.2,117.7,52.112141,65.58785594824218,2
2023-05-09 16:59:07.273,2023-05-09 16:59:07.2,118.96,52.112141,66.84785808447265,2
2023-05-09 16:59:07.307,2023-05-09 16:59:07.2,120.15,46.622078,73.5279235258789,2
2023-05-09 16:59:07.35,2023-05-09 16:59:07.2,121.28,46.622078,74.65792077929687,2
2023-05-09 16:59:07.379,2023-05-09 16:59:07.2,122.33,46.622078,75.70792383105469,2
2023-05-09 16:59:07.412,2023-05-09 16:59:07.4,123.26,46.622078,76.63792413623047,2
2023-05-09 16:59:07.443,2023-05-09 16:59:07.4,124.09,46.622078,77.46791833789062,2
2023-05-09 16:59:07.483,2023-05-09 16:59:07.4,124.99,46.622078,78.36791986376953,2
2023-05-09 16:59:07.515,2023-05-09 16:59:07.4,125.98,46.622078,79.35792535693359,2
2023-05-09 16:59:07.555,2023-05-09 16:59:07.4,127.02,39.556557,87.46343964306641,2
2023-05-09 16:59:07.589,2023-05-09 16:59:07.4,128.05,39.556557,88.49344605175781,2
2023-05-09 16:59:07.619,2023-05-09 16:59:07.4,129.03,39.556557,89.47344177929688,2
2023-05-09 16:59:07.647,2023-05-09 16:59:07.6,129.96,39.556557,90.40344971386719,2
2023-05-09 16:59:07.689,2023-05-09 16:59:07.6,130.89,39.556557,91.33344238964844,2
2023-05-09 16:59:07.724,2023-05-09 16:59:07.6,131.76,39.556557,92.20343750683594,2
2023-05-09 16:59:07.754,2023-05-09 16:59:07.6,132.49,33.882301,98.60770449316406,2
2023-05-09 16:59:07.793,2023-05-09 16:59:07.6,133.09,33.882301,99.20769533789063,2
2023-05-09 16:59:07.826,2023-05-09 16:59:07.6,133.67,33.882301,99.78769716894531,2
2023-05-09 16:59:07.859,2023-05-09 16:59:07.8,134.32,33.882301,100.43770632421875,2
2023-05-09 16:59:07.886,2023-05-09 16:59:07.8,134.99,33.882301,101.10770449316406,2
2023-05-09 16:59:07.917,2023-05-09 16:59:07.8,135.63,28.864319,106.7656858828125,2
2023-05-09 16:59:07.95,2023-05-09 16:59:07.8,136.32,28.864319,107.45568832421876,2
2023-05-09 16:59:07.997,2023-05-09 16:59:07.8,137.19,28.864319,108.32568344140626,2
2023-05-09 16:59:08.027,2023-05-09 16:59:07.8,138.29,28.864319,109.42567428613282,2
2023-05-09 16:59:08.045,2023-05-09 16:59:07.8,139.6,28.864319,110.73568710351563,2
2023-05-09 16:59:08.09,2023-05-09 16:59:07.8,141.07,28.864319,112.20568832421876,2
2023-05-09 16:59:08.116,2023-05-09 16:59:07.8,142.51,28.864319,113.64567550683594,2
2023-05-09 16:59:08.16,2023-05-09 16:59:08.0,143.86,24.807905,119.05209561035156,2
2023-05-09 16:59:08.196,2023-05-09 16:59:08.0,145.13,24.807905,120.3220998828125,2
2023-05-09 16:59:08.223,2023-05-09 16:59:08.2,146.28,24.807905,121.47209377929687,2
2023-05-09 16:59:08.249,2023-05-09 16:59:08.2,147.31,24.807905,122.50209255859374,2
2023-05-09 16:59:08.291,2023-05-09 16:59:08.2,148.25,16.788488,131.461512,2
2023-05-09 16:59:08.327,2023-05-09 16:59:08.2,149.24,16.788488,132.45151749316406,2
2023-05-09 16:59:08.343,2023-05-09 16:59:08.2,150.22,16.788488,133.43151322070312,2
2023-05-09 16:59:08.38,2023-05-09 16:59:08.2,151.28,16.788488,134.49151077929687,2
2023-05-09 16:59:08.412,2023-05-09 16:59:08.2,152.25,16.788488,135.461512,2
2023-05-09 16:59:08.45,2023-05-09 16:59:08.2,153.14,16.788488,136.35151138964844,2
2023-05-09 16:59:08.486,2023-05-09 16:59:08.4,154.03,10.705116,143.32488277929687,2
2023-05-09 16:59:08.525,2023-05-09 16:59:08.4,154.9,10.705116,144.19487789648437,2
2023-05-09 16:59:08.557,2023-05-09 16:59:08.4,155.84,10.705116,145.13488033789062,2
2023-05-09 16:59:08.586,2023-05-09 16:59:08.4,156.83,10.705116,146.12488583105468,2
2023-05-09 16:59:08.618,2023-05-09 16:59:08.4,157.78,10.705116,147.07488277929687,2
2023-05-09 16:59:08.648,2023-05-09 16:59:08.4,158.72,10.705116,148.01488522070312,2
2023-05-09 16:59:08.677,2023-05-09 16:59:08.4,159.6,10.705116,148.89489010351562,2
2023-05-09 16:59:08.708,2023-05-09 16:59:08.4,160.43,10.705116,149.72487667578125,2
2023-05-09 16:59:08.739,2023-05-09 16:59:08.6,161.29,10.705116,150.5848772861328,2
2023-05-09 16:59:08.783,2023-05-09 16:59:08.6,162.22,5.219245,157.00075622070312,2
2023-05-09 16:59:08.815,2023-05-09 16:59:08.6,163.13,5.219245,157.9107598828125,2
2023-05-09 16:59:08.847,2023-05-09 16:59:08.8,164.04,5.219245,158.8207482861328,2
2023-05-09 16:59:08.889,2023-05-09 16:59:08.8,164.94,5.219245,159.72075744140625,2
2023-05-09 16:59:08.924,2023-05-09 16:59:08.8,165.77,5.219245,160.55075927246094,2
2023-05-09 16:59:08.949,2023-05-09 16:59:08.8,166.55,-0.172485,166.7224880517578,2
2023-05-09 16:59:08.992,2023-05-09 16:59:08.8,167.36,-0.172485,167.53248561035156,2
2023-05-09 16:59:09.012,2023-05-09 16:59:08.8,168.14,-0.172485,168.31248438964843,2
2023-05-09 16:59:09.046,2023-05-09 16:59:08.8,168.91,-0.172485,169.08248866210937,2
2023-05-09 16:59:09.083,2023-05-09 16:59:08.8,169.65,-0.172485,169.82247889648437,2
2023-05-09 16:59:09.117,2023-05-09 16:59:09.0,170.32,-5.277746,175.59775332421876,2
2023-05-09 16:59:09.155,2023-05-09 16:59:09.0,170.93,-5.277746,176.20773867578126,2
2023-05-09 16:59:09.194,2023-05-09 16:59:09.0,171.49,-5.277746,176.76775149316407,2
2023-05-09 16:59:09.225,2023-05-09 16:59:09.0,172.05,-5.277746,177.32774905175782,2
2023-05-09 16:59:09.255,2023-05-09 16:59:09.2,172.69,-5.277746,177.96774844140626,2
2023-05-09 16:59:09.296,2023-05-09 16:59:09.2,173.44,-5.277746,178.71774844140626,2
2023-05-09 16:59:09.34,2023-05-09 16:59:09.2,174.32,-9.456328,183.77633532421873,2
2023-05-09 16:59:09.371,2023-05-09 16:59:09.2,175.2,-9.456328,184.65632494824217,2
2023-05-09 16:59:09.393,2023-05-09 16:59:09.2,175.98,-9.456328,185.43632372753905,2
2023-05-09 16:59:09.428,2023-05-09 16:59:09.4,176.64,-9.456328,186.09632738964842,2
2023-05-09 16:59:09.466,2023-05-09 16:59:09.4,177.19,-9.456328,186.64633044140623,2
2023-05-09 16:59:09.494,2023-05-09 16:59:09.4,177.73,-13.91913,191.64912572753906,2
2023-05-09 16:59:09.528,2023-05-09 16:59:09.4,178.28,-13.91913,192.19912877929687,2
2023-05-09 16:59:09.562,2023-05-09 16:59:09.4,178.74,-13.91913,192.65913549316406,2
2023-05-09 16:59:09.591,2023-05-09 16:59:09.4,179.14,-13.91913,193.05912938964843,2
2023-05-09 16:59:09.638,2023-05-09 16:59:09.4,179.52,-13.91913,193.43913427246093,2
2023-05-09 16:59:09.665,2023-05-09 16:59:09.6,179.96,-13.91913,193.87913671386718,2
2023-05-09 16:59:09.703,2023-05-09 16:59:09.6,-179.55,-17.140474,-162.4095290517578,2
2023-05-09 16:59:09.728,2023-05-09 16:59:09.6,-179.05,-17.140474,-161.9095290517578,2
2023-05-09 16:59:09.763,2023-05-09 16:59:09.6,-178.59,-17.140474,-161.4495223378906,2
2023-05-09 16:59:09.795,2023-05-09 16:59:09.6,-178.22,-17.140474,-161.0795272207031,2
2023-05-09 16:59:09.832,2023-05-09 16:59:09.8,-177.94,-17.140474,-160.79952844140624,2
2023-05-09 16:59:09.864,2023-05-09 16:59:09.8,-177.68,-17.140474,-160.53951867578124,2
2023-05-09 16:59:09.889,2023-05-09 16:59:09.8,-177.36,-17.140474,-160.21952661035155,2
2023-05-09 16:59:09.927,2023-05-09 16:59:09.8,-176.93,-19.787855,-157.14213767578124,2
2023-05-09 16:59:09.962,2023-05-09 16:59:09.8,-176.46,-19.787855,-156.67215171386718,2
2023-05-09 16:59:09.994,2023-05-09 16:59:09.8,-175.97,-19.787855,-156.18214622070312,2
2023-05-09 16:59:10.021,2023-05-09 16:59:09.8,-175.55,-19.787855,-155.7621480517578,2
2023-05-09 16:59:10.068,2023-05-09 16:59:10.0,-175.19,-19.787855,-155.40214744140624,2
2023-05-09 16:59:10.097,2023-05-09 16:59:10.0,-174.87,-21.990944,-152.8790511171875,2
2023-05-09 16:59:10.131,2023-05-09 16:59:10.0,-174.56,-21.990944,-152.56905355859374,2
2023-05-09 16:59:10.164,2023-05-09 16:59:10.0,-174.26,-21.990944,-152.26905050683592,2
2023-05-09 16:59:10.197,2023-05-09 16:59:10.2,-173.95,-21.990944,-151.95905294824217,2
2023-05-09 16:59:10.221,2023-05-09 16:59:10.2,-173.6,-21.990944,-151.6090621035156,2
2023-05-09 16:59:10.26,2023-05-09 16:59:10.2,-173.25,-21.990944,-151.259056,2
2023-05-09 16:59:10.296,2023-05-09 16:59:10.2,-173.01,-21.990944,-151.01905050683592,2
2023-05-09 16:59:10.326,2023-05-09 16:59:10.2,-172.84,-21.990944,-150.8490523378906,2
2023-05-09 16:59:10.362,2023-05-09 16:59:10.2,-172.64,-24.052099,-148.58790038964844,2
2023-05-09 16:59:10.395,2023-05-09 16:59:10.2,-172.32,-24.052099,-148.26790832421875,2
2023-05-09 16:59:10.43,2023-05-09 16:59:10.4,-171.76,-24.052099,-147.70789550683594,2
2023-05-09 16:59:10.462,2023-05-09 16:59:10.4,-171.03,-25.643072,-145.38692677929689,2
2023-05-09 16:59:10.499,2023-05-09 16:59:10.4,-170.38,-25.643072,-144.7369328828125,2
2023-05-09 16:59:10.529,2023-05-09 16:59:10.4,-170.01,-25.643072,-144.36692250683595,2
2023-05-09 16:59:10.578,2023-05-09 16:59:10.6,-169.85,-25.643072,-144.20693410351564,2
2023-05-09 16:59:10.603,2023-05-09 16:59:10.6,-169.66,-25.643072,-144.01693166210939,2
2023-05-09 16:59:10.641,2023-05-09 16:59:10.6,-169.28,-25.643072,-143.63692677929689,2
2023-05-09 16:59:10.663,2023-05-09 16:59:10.6,-168.67,-28.381748,-140.2882501689453,2
2023-05-09 16:59:10.703,2023-05-09 16:59:10.6,-167.95,-28.381748,-139.56824894824217,2
2023-05-09 16:59:10.728,2023-05-09 16:59:10.6,-167.21,-28.381748,-138.82825871386717,2
2023-05-09 16:59:10.759,2023-05-09 16:59:10.8,-166.56,-28.381748,-138.17824955859373,2
2023-05-09 16:59:10.793,2023-05-09 16:59:10.8,-166.01,-28.381748,-137.62824650683592,2
2023-05-09 16:59:10.826,2023-05-09 16:59:10.8,-165.44,-28.381748,-137.05825444140623,2
2023-05-09 16:59:10.86,2023-05-09 16:59:10.8,-164.75,-28.381748,-136.36825199999998,2
2023-05-09 16:59:10.894,2023-05-09 16:59:10.8,-163.95,-31.977264,-131.9727329482422,2
2023-05-09 16:59:10.926,2023-05-09 16:59:10.8,-163.15,-31.977264,-131.17272989648438,2
2023-05-09 16:59:10.96,2023-05-09 16:59:10.8,-162.42,-31.977264,-130.44273416894532,2
2023-05-09 16:59:10.991,2023-05-09 16:59:10.8,-161.77,-31.977264,-129.79274027246095,2
2023-05-09 16:59:11.026,2023-05-09 16:59:10.8,-161.24,-31.977264,-129.26274149316407,2
2023-05-09 16:59:11.063,2023-05-09 16:59:11.0,-160.83,-31.977264,-128.8527378310547,2
2023-05-09 16:59:11.094,2023-05-09 16:59:11.0,-160.5,-31.977264,-128.522736,2
2023-05-09 16:59:11.124,2023-05-09 16:59:11.0,-160.12,-31.977264,-128.1427311171875,2
2023-05-09 16:59:11.164,2023-05-09 16:59:11.0,-159.63,-36.275311,-123.3546938828125,2
2023-05-09 16:59:11.201,2023-05-09 16:59:11.0,-159.06,-36.275311,-122.78468655859375,2
2023-05-09 16:59:11.238,2023-05-09 16:59:11.2,-158.46,-36.275311,-122.18469571386719,2
2023-05-09 16:59:11.27,2023-05-09 16:59:11.2,-157.9,-39.058559,-118.84143489648437,2
2023-05-09 16:59:11.29,2023-05-09 16:59:11.2,-157.36,-39.058559,-118.30144161035156,2
2023-05-09 16:59:11.323,2023-05-09 16:59:11.2,-156.76,-39.058559,-117.70143550683594,2
2023-05-09 16:59:11.356,2023-05-09 16:59:11.2,-156.13,-39.058559,-117.0714458828125,2
2023-05-09 16:59:11.389,2023-05-09 16:59:11.2,-155.52,-39.058559,-116.46144527246094,2
2023-05-09 16:59:11.422,2023-05-09 16:59:11.2,-154.92,-39.058559,-115.86143916894531,2
2023-05-09 16:59:11.461,2023-05-09 16:59:11.2,-154.35,-39.058559,-115.29144710351562,2
2023-05-09 16:59:11.491,2023-05-09 16:59:11.2,-153.82,-39.058559,-114.76144832421875,2
2023-05-09 16:59:11.524,2023-05-09 16:59:11.4,-153.27,-42.656788,-110.61321627246093,2
2023-05-09 16:59:11.568,2023-05-09 16:59:11.4,-152.68,-42.656788,-110.02320467578124,2
2023-05-09 16:59:11.59,2023-05-09 16:59:11.4,-152.09,-42.656788,-109.43320833789062,2
2023-05-09 16:59:11.63,2023-05-09 16:59:11.6,-151.5,-42.656788,-108.843212,2
2023-05-09 16:59:11.66,2023-05-09 16:59:11.6,-150.91,-42.656788,-108.25321566210937,2
2023-05-09 16:59:11.709,2023-05-09 16:59:11.6,-150.3,-46.16647,-104.13353305175781,2
2023-05-09 16:59:11.731,2023-05-09 16:59:11.6,-149.66,-46.16647,-103.49353366210937,2
2023-05-09 16:59:11.769,2023-05-09 16:59:11.8,-149.02,-46.16647,-102.85353427246093,2
2023-05-09 16:59:11.8,2023-05-09 16:59:11.8,-148.36,-46.16647,-102.19353061035156,2
2023-05-09 16:59:11.834,2023-05-09 16:59:11.8,-147.72,-46.16647,-101.55353122070312,2
2023-05-09 16:59:11.871,2023-05-09 16:59:11.8,-147.09,-49.911022,-97.17897433789062,2
2023-05-09 16:59:11.902,2023-05-09 16:59:11.8,-146.46,-49.911022,-96.54898471386718,2
2023-05-09 16:59:11.922,2023-05-09 16:59:11.8,-145.88,-49.911022,-95.9689828828125,2
2023-05-09 16:59:11.953,2023-05-09 16:59:11.8,-145.31,-49.911022,-95.39897555859375,2
2023-05-09 16:59:11.985,2023-05-09 16:59:11.8,-144.73,-49.911022,-94.81897372753906,2
2023-05-09 16:59:12.026,2023-05-09 16:59:11.8,-144.16,-49.911022,-94.24898166210937,2
2023-05-09 16:59:12.058,2023-05-09 16:59:11.8,-143.6,-49.911022,-93.68898410351562,2
2023-05-09 16:59:12.083,2023-05-09 16:59:11.8,-143.04,-49.911022,-93.12897128613281,2
2023-05-09 16:59:12.119,2023-05-09 16:59:11.8,-142.44,-49.911022,-92.52898044140625,2
2023-05-09 16:59:12.15,2023-05-09 16:59:11.8,-141.81,-49.911022,-91.89897555859375,2
2023-05-09 16:59:12.184,2023-05-09 16:59:11.8,-141.13,-49.911022,-91.2189828828125,2
2023-05-09 16:59:12.218,2023-05-09 16:59:12.0,-140.39,-53.600212,-86.78978738964844,2
2023-05-09 16:59:12.251,2023-05-09 16:59:12.2,-139.67,-53.600212,-86.06978616894531,2
2023-05-09 16:59:12.293,2023-05-09 16:59:12.2,-138.98,-53.600212,-85.37978372753906,2
2023-05-09 16:59:12.324,2023-05-09 16:59:12.2,-138.3,-57.219154,-81.08084905175781,2
2023-05-09 16:59:12.369,2023-05-09 16:59:12.2,-137.67,-57.219154,-80.45084416894531,2
2023-05-09 16:59:12.405,2023-05-09 16:59:12.4,-137.05,-57.219154,-79.83084905175781,2
2023-05-09 16:59:12.435,2023-05-09 16:59:12.4,-136.43,-57.219154,-79.21083867578125,2
2023-05-09 16:59:12.458,2023-05-09 16:59:12.4,-135.8,-57.219154,-78.58084905175781,2
2023-05-09 16:59:12.496,2023-05-09 16:59:12.4,-135.16,-57.219154,-77.94084966210937,2
2023-05-09 16:59:12.526,2023-05-09 16:59:12.4,-134.5,-57.219154,-77.280846,2
2023-05-09 16:59:12.552,2023-05-09 16:59:12.4,-133.82,-61.378292,-72.44171532421875,2
2023-05-09 16:59:12.595,2023-05-09 16:59:12.6,-133.15,-61.378292,-71.77170189648437,2
2023-05-09 16:59:12.634,2023-05-09 16:59:12.6,-132.52,-61.378292,-71.14171227246094,2
2023-05-09 16:59:12.666,2023-05-09 16:59:12.6,-131.91,-61.378292,-70.53171166210937,2
2023-05-09 16:59:12.704,2023-05-09 16:59:12.6,-131.31,-61.378292,-69.93170555859375,2
2023-05-09 16:59:12.738,2023-05-09 16:59:12.6,-130.72,-61.378292,-69.34170922070312,2
2023-05-09 16:59:12.768,2023-05-09 16:59:12.6,-130.12,-61.378292,-68.7417031171875,2
2023-05-09 16:59:12.803,2023-05-09 16:59:12.6,-129.52,-61.378292,-68.14171227246094,2
2023-05-09 16:59:12.841,2023-05-09 16:59:12.8,-128.91,-61.378292,-67.53171166210937,2
2023-05-09 16:59:12.87,2023-05-09 16:59:12.8,-128.3,-61.378292,-66.92171105175781,2
2023-05-09 16:59:12.895,2023-05-09 16:59:12.8,-127.68,-61.378292,-66.30170830517578,2
2023-05-09 16:59:12.93,2023-05-09 16:59:12.8,-127.04,-61.378292,-65.66170891552734,2
2023-05-09 16:59:12.961,2023-05-09 16:59:12.8,-126.38,-61.378292,-65.00170525341797,2
2023-05-09 16:59:12.994,2023-05-09 16:59:12.8,-125.69,-61.378292,-64.31171044140625,2
2023-05-09 16:59:13.028,2023-05-09 16:59:12.8,-124.95,-61.378292,-63.571704948242186,2
2023-05-09 16:59:13.071,2023-05-09 16:59:13.0,-124.19,-72.789055,-51.400947441406245,2
2023-05-09 16:59:13.094,2023-05-09 16:59:13.0,-123.43,-72.789055,-50.64094530517578,2
2023-05-09 16:59:13.126,2023-05-09 16:59:13.0,-122.71,-72.789055,-49.92094408447265,2
2023-05-09 16:59:13.159,2023-05-09 16:59:13.0,-122.02,-72.789055,-49.2309416430664,2
2023-05-09 16:59:13.194,2023-05-09 16:59:13.2,-121.36,-72.789055,-48.57094561035156,2
2023-05-09 16:59:13.228,2023-05-09 16:59:13.2,-120.68,-72.789055,-47.89094530517578,2
2023-05-09 16:59:13.263,2023-05-09 16:59:13.2,-119.96,-77.158424,-42.80157508447266,2
2023-05-09 16:59:13.293,2023-05-09 16:59:13.2,-119.22,-77.158424,-42.06157722070313,2
2023-05-09 16:59:13.325,2023-05-09 16:59:13.2,-118.47,-77.158424,-41.31157722070313,2
2023-05-09 16:59:13.36,2023-05-09 16:59:13.4,-117.73,-77.158424,-40.5715793569336,2
2023-05-09 16:59:13.392,2023-05-09 16:59:13.4,-117.03,-77.158424,-39.87157477929688,2
2023-05-09 16:59:13.428,2023-05-09 16:59:13.4,-116.36,-81.471085,-34.88891561035156,2
2023-05-09 16:59:13.461,2023-05-09 16:59:13.4,-115.68,-81.471085,-34.20891530517578,2
2023-05-09 16:59:13.491,2023-05-09 16:59:13.4,-114.97,-81.471085,-33.49891622070312,2
2023-05-09 16:59:13.525,2023-05-09 16:59:13.4,-114.25,-81.471085,-32.778915,2
2023-05-09 16:59:13.561,2023-05-09 16:59:13.4,-113.55,-81.471085,-32.07891805175781,2
2023-05-09 16:59:13.59,2023-05-09 16:59:13.4,-112.93,-81.471085,-31.45891530517578,2
2023-05-09 16:59:13.625,2023-05-09 16:59:13.6,-112.37,-81.471085,-30.89891774658203,2
2023-05-09 16:59:13.659,2023-05-09 16:59:13.6,-111.83,-85.610725,-26.219276831054685,2
2023-05-09 16:59:13.694,2023-05-09 16:59:13.6,-111.27,-85.610725,-25.659271643066404,2
2023-05-09 16:59:13.724,2023-05-09 16:59:13.6,-110.68,-85.610725,-25.06927530517578,2
2023-05-09 16:59:13.757,2023-05-09 16:59:13.6,-110.05,-85.610725,-24.43927805175781,2
2023-05-09 16:59:13.791,2023-05-09 16:59:13.6,-109.35,-85.610725,-23.73927347412109,2
2023-05-09 16:59:13.827,2023-05-09 16:59:13.6,-108.56,-85.610725,-22.949272558593748,2
2023-05-09 16:59:13.863,2023-05-09 16:59:13.6,-107.65,-85.610725,-22.039276525878904,2
2023-05-09 16:59:13.901,2023-05-09 16:59:13.6,-106.59,-85.610725,-20.979271337890623,2
2023-05-09 16:59:13.936,2023-05-09 16:59:13.6,-105.54,-85.610725,-19.92927591552734,2
2023-05-09 16:59:13.97,2023-05-09 16:59:13.6,-104.66,-85.610725,-19.049278662109373,2
2023-05-09 16:59:14.008,2023-05-09 16:59:13.6,-103.98,-85.610725,-18.36927835693359,2
2023-05-09 16:59:14.041,2023-05-09 16:59:13.6,-103.41,-85.610725,-17.799278662109373,2
2023-05-09 16:59:14.104,2023-05-09 16:59:13.6,-103.14,-85.610725,-17.529274389648435,2
2023-05-09 16:59:14.121,2023-05-09 16:59:13.6,-102.95,-85.610725,-17.339271948242185,2
2023-05-09 16:59:14.136,2023-05-09 16:59:13.6,-102.66,-85.610725,-17.049278662109373,2
2023-05-09 16:59:14.185,2023-05-09 16:59:13.6,-102.38,-85.610725,-16.769272253417967,2
2023-05-09 16:59:14.208,2023-05-09 16:59:14.0,-102.03,-89.14267,-12.88732877929688,2
2023-05-09 16:59:14.24,2023-05-09 16:59:14.0,-101.72,-89.14267,-12.57733122070313,2
2023-05-09 16:59:14.271,2023-05-09 16:59:14.0,-101.34,-94.629471,-6.71052533789063,2
2023-05-09 16:59:14.307,2023-05-09 16:59:14.2,-100.84,-96.53907,-4.30092633789063,2
2023-05-09 16:59:14.34,2023-05-09 16:59:14.2,-100.29,-96.53907,-3.7509309155273485,2
2023-05-09 16:59:14.374,2023-05-09 16:59:14.2,-99.61,-96.53907,-3.0709306103515672,2
2023-05-09 16:59:14.409,2023-05-09 16:59:14.2,-98.81,-96.53907,-2.2709275585937547,2
2023-05-09 16:59:14.441,2023-05-09 16:59:14.4,-98.02,-96.53907,-1.480926643066411,2
2023-05-09 16:59:14.46,2023-05-09 16:59:14.4,-97.28,-96.53907,-0.7409287792968797,2
2023-05-09 16:59:14.492,2023-05-09 16:59:14.4,-96.58,-99.415955,2.8359531689453092,2
2023-05-09 16:59:14.529,2023-05-09 16:59:14.4,-96.01,-99.415955,3.405952863769528,2
2023-05-09 16:59:14.558,2023-05-09 16:59:14.4,-95.53,-99.415955,3.8859562207031217,2
2023-05-09 16:59:14.592,2023-05-09 16:59:14.4,-95.1,-99.415955,4.315956525878903,2
2023-05-09 16:59:14.635,2023-05-09 16:59:14.6,-94.69,-99.415955,4.725952558593747,2
2023-05-09 16:59:14.656,2023-05-09 16:59:14.6,-94.18,-103.303566,9.123565694824222,2
2023-05-09 16:59:14.692,2023-05-09 16:59:14.6,-93.51,-103.303566,9.793563863769535,2
2023-05-09 16:59:14.724,2023-05-09 16:59:14.6,-92.78,-103.303566,10.523567220703129,2
2023-05-09 16:59:14.756,2023-05-09 16:59:14.6,-92.05,-103.303566,11.253562948242191,2
2023-05-09 16:59:14.791,2023-05-09 16:59:14.8,-91.38,-103.303566,11.923568746582035,2
2023-05-09 16:59:14.835,2023-05-09 16:59:14.8,-90.91,-103.303566,12.393562337890629,2
2023-05-09 16:59:14.888,2023-05-09 16:59:14.8,-90.7,-103.303566,12.603569051757816,2
2023-05-09 16:59:14.908,2023-05-09 16:59:14.8,-90.7,-103.303566,12.603569051757816,2
2023-05-09 16:59:14.942,2023-05-09 16:59:14.8,-90.72,-106.813934,16.09393277929688,2
2023-05-09 16:59:14.973,2023-05-09 16:59:14.8,-90.65,-106.813934,16.163932474121097,2
2023-05-09 16:59:15.014,2023-05-09 16:59:14.8,-90.33,-106.813934,16.483932168945316,2
2023-05-09 16:59:15.042,2023-05-09 16:59:14.8,-89.87,-106.813934,16.943931253417972,2
2023-05-09 16:59:15.063,2023-05-09 16:59:14.8,-89.38,-106.813934,17.433936746582035,2
2023-05-09 16:59:15.109,2023-05-09 16:59:15.0,-88.82,-107.841148,19.021148305175785,2
2023-05-09 16:59:15.142,2023-05-09 16:59:15.0,-88.04,-107.841148,19.80114708447266,2
2023-05-09 16:59:15.168,2023-05-09 16:59:15.0,-87.13,-107.841148,20.711150746582035,2
2023-05-09 16:59:15.206,2023-05-09 16:59:15.2,-86.11,-107.841148,21.73114738964844,2
2023-05-09 16:59:15.242,2023-05-09 16:59:15.2,-84.96,-111.614243,26.654243915527346,2
2023-05-09 16:59:15.275,2023-05-09 16:59:15.2,-83.78,-111.614243,27.834244220703127,2
2023-05-09 16:59:15.309,2023-05-09 16:59:15.2,-82.73,-111.614243,28.884239643066408,2
2023-05-09 16:59:15.341,2023-05-09 16:59:15.2,-81.76,-111.614243,29.854240863769533,2
2023-05-09 16:59:15.378,2023-05-09 16:59:15.4,-80.85,-111.614243,30.764244525878908,2
2023-05-09 16:59:15.435,2023-05-09 16:59:15.4,-79.91,-111.614243,31.704239337890627,2
2023-05-09 16:59:15.462,2023-05-09 16:59:15.4,-78.9,-111.614243,32.714241474121096,2
2023-05-09 16:59:15.49,2023-05-09 16:59:15.4,-77.86,-117.973419,40.113418389648444,2
2023-05-09 16:59:15.53,2023-05-09 16:59:15.4,-76.9,-117.973419,41.0734174741211,2
2023-05-09 16:59:15.559,2023-05-09 16:59:15.4,-76.13,-117.973419,41.84342174658204,2
2023-05-09 16:59:15.601,2023-05-09 16:59:15.6,-75.51,-117.973419,42.46341686376954,2
2023-05-09 16:59:15.628,2023-05-09 16:59:15.6,-74.99,-117.973419,42.983421136230476,2
2023-05-09 16:59:15.66,2023-05-09 16:59:15.6,-74.5,-117.973419,43.47341900000001,2
2023-05-09 16:59:15.692,2023-05-09 16:59:15.6,-73.97,-123.233902,49.263900779296875,2
2023-05-09 16:59:15.727,2023-05-09 16:59:15.6,-73.37,-123.233902,49.86389925341797,2
2023-05-09 16:59:15.759,2023-05-09 16:59:15.6,-72.74,-123.233902,50.49390413623047,2
2023-05-09 16:59:15.793,2023-05-09 16:59:15.6,-72.07,-123.233902,51.16390230517578,2
2023-05-09 16:59:15.826,2023-05-09 16:59:15.8,-71.38,-123.233902,51.85390474658203,2
2023-05-09 16:59:15.855,2023-05-09 16:59:15.8,-70.66,-123.233902,52.573898337890625,2
2023-05-09 16:59:15.89,2023-05-09 16:59:15.8,-69.94,-126.758133,56.81813055859375,2
2023-05-09 16:59:15.95,2023-05-09 16:59:15.8,-69.22,-126.758133,57.538131779296876,2
2023-05-09 16:59:15.966,2023-05-09 16:59:15.8,-68.51,-126.758133,58.24813086376953,2
2023-05-09 16:59:15.993,2023-05-09 16:59:15.8,-67.85,-126.758133,58.90813452587891,2
2023-05-09 16:59:16.026,2023-05-09 16:59:15.8,-67.26,-126.758133,59.49813086376953,2
2023-05-09 16:59:16.059,2023-05-09 16:59:15.8,-66.72,-126.758133,60.038131779296876,2
2023-05-09 16:59:16.088,2023-05-09 16:59:16.0,-66.23,-126.758133,60.52812964306641,2
2023-05-09 16:59:16.122,2023-05-09 16:59:16.0,-65.78,-131.055801,65.27580222070313,2
2023-05-09 16:59:16.155,2023-05-09 16:59:16.2,-65.33,-131.055801,65.72579916894531,2
2023-05-09 16:59:16.187,2023-05-09 16:59:16.2,-64.85,-131.055801,66.20580252587891,2
2023-05-09 16:59:16.222,2023-05-09 16:59:16.2,-64.38,-131.055801,66.67580374658203,2
2023-05-09 16:59:16.254,2023-05-09 16:59:16.2,-63.93,-134.073608,70.14360769482423,2
2023-05-09 16:59:16.288,2023-05-09 16:59:16.2,-63.53,-134.073608,70.54360922070313,2
2023-05-09 16:59:16.321,2023-05-09 16:59:16.2,-63.09,-134.073608,70.98360784741212,2
2023-05-09 16:59:16.355,2023-05-09 16:59:16.2,-62.55,-134.073608,71.52360876293946,2
2023-05-09 16:59:16.386,2023-05-09 16:59:16.4,-61.95,-134.073608,72.12360723706055,2
2023-05-09 16:59:16.42,2023-05-09 16:59:16.4,-61.31,-134.073608,72.76360662670899,2
2023-05-09 16:59:16.453,2023-05-09 16:59:16.4,-60.68,-134.073608,73.39360769482423,2
2023-05-09 16:59:16.486,2023-05-09 16:59:16.4,-60.11,-134.073608,73.96360738964844,2
2023-05-09 16:59:16.519,2023-05-09 16:59:16.4,-59.6,-137.057449,77.4574505258789,2
2023-05-09 16:59:16.552,2023-05-09 16:59:16.4,-59.11,-137.057449,77.94744838964843,2
2023-05-09 16:59:16.585,2023-05-09 16:59:16.6,-58.56,-137.057449,78.49744762670898,2
2023-05-09 16:59:16.618,2023-05-09 16:59:16.6,-57.92,-137.057449,79.13745083105468,2
2023-05-09 16:59:16.652,2023-05-09 16:59:16.6,-57.21,-137.057449,79.84744991552733,2
2023-05-09 16:59:16.686,2023-05-09 16:59:16.6,-56.45,-137.057449,80.60744823706054,2
2023-05-09 16:59:16.718,2023-05-09 16:59:16.6,-55.68,-137.057449,81.37744869482421,2
2023-05-09 16:59:16.752,2023-05-09 16:59:16.6,-54.95,-137.057449,82.10744823706054,2
2023-05-09 16:59:16.787,2023-05-09 16:59:16.6,-54.31,-137.057449,82.74744762670898,2
2023-05-09 16:59:16.817,2023-05-09 16:59:16.6,-53.77,-137.057449,83.28744854223632,2
2023-05-09 16:59:16.852,2023-05-09 16:59:16.6,-53.3,-137.057449,83.75744976293944,2
2023-05-09 16:59:16.884,2023-05-09 16:59:16.8,-52.86,-144.66394,91.80393938964843,2
2023-05-09 16:59:16.916,2023-05-09 16:59:16.8,-52.41,-144.66394,92.25394015258789,2
2023-05-09 16:59:16.949,2023-05-09 16:59:16.8,-51.94,-144.66394,92.72394137329101,2
2023-05-09 16:59:16.987,2023-05-09 16:59:16.8,-51.47,-144.66394,93.19393877929687,2
2023-05-09 16:59:17.017,2023-05-09 16:59:16.8,-51.04,-144.66394,93.62393908447265,2
2023-05-09 16:59:17.049,2023-05-09 16:59:16.8,-50.68,-144.66394,93.98393969482422,2
2023-05-09 16:59:17.086,2023-05-09 16:59:17.0,-50.4,-147.381332,96.98133047412108,2
2023-05-09 16:59:17.115,2023-05-09 16:59:17.0,-50.12,-147.381332,97.26133306811522,2
2023-05-09 16:59:17.148,2023-05-09 16:59:17.0,-49.78,-147.381332,97.60133322070311,2
2023-05-09 16:59:17.182,2023-05-09 16:59:17.0,-49.37,-147.381332,98.01133306811522,2
2023-05-09 16:59:17.214,2023-05-09 16:59:17.2,-48.92,-147.381332,98.46133383105467,2
2023-05-09 16:59:17.247,2023-05-09 16:59:17.2,-48.47,-147.381332,98.91133077929686,2
2023-05-09 16:59:17.28,2023-05-09 16:59:17.2,-48.04,-149.348724,101.30872308447266,2
2023-05-09 16:59:17.314,2023-05-09 16:59:17.2,-47.7,-149.348724,101.64872323706055,2
2023-05-09 16:59:17.349,2023-05-09 16:59:17.2,-47.44,-149.348724,101.90872537329102,2
2023-05-09 16:59:17.399,2023-05-09 16:59:17.4,-47.23,-149.348724,102.11872445776368,2
2023-05-09 16:59:17.414,2023-05-09 16:59:17.4,-47.03,-149.348724,102.31872522070313,2
2023-05-09 16:59:17.464,2023-05-09 16:59:17.4,-46.49,-149.348724,102.85872232153321,2
2023-05-09 16:59:17.497,2023-05-09 16:59:17.4,-46.09,-149.348724,103.25872384741211,2
2023-05-09 16:59:17.533,2023-05-09 16:59:17.4,-45.44,-149.348724,103.90872537329102,2
2023-05-09 16:59:17.566,2023-05-09 16:59:17.4,-44.84,-149.348724,104.50872384741211,2
2023-05-09 16:59:17.599,2023-05-09 16:59:17.4,-44.29,-151.299301,107.00930008447267,2
2023-05-09 16:59:17.634,2023-05-09 16:59:17.6,-43.99,-151.299301,107.30929932153322,2
2023-05-09 16:59:17.666,2023-05-09 16:59:17.6,-43.93,-151.299301,107.36930069482423,2
2023-05-09 16:59:17.704,2023-05-09 16:59:17.6,-43.88,-153.717819,109.83781793188476,2
2023-05-09 16:59:17.737,2023-05-09 16:59:17.6,-43.71,-153.717819,110.00781991552734,2
2023-05-09 16:59:17.771,2023-05-09 16:59:17.6,-43.47,-153.717819,110.24781777929687,2
2023-05-09 16:59:17.8,2023-05-09 16:59:17.8,-43.19,-153.717819,110.52782037329101,2
2023-05-09 16:59:17.842,2023-05-09 16:59:17.8,-42.83,-153.717819,110.8878171689453,2
2023-05-09 16:59:17.883,2023-05-09 16:59:17.8,-42.39,-153.717819,111.32781961035155,2
2023-05-09 16:59:17.904,2023-05-09 16:59:17.8,-41.92,-153.717819,111.79782083105468,2
2023-05-09 16:59:17.94,2023-05-09 16:59:17.8,-41.4,-155.019974,113.61997247412108,2
2023-05-09 16:59:17.98,2023-05-09 16:59:17.8,-40.84,-155.019974,114.1799738474121,2
2023-05-09 16:59:18.007,2023-05-09 16:59:17.8,-40.3,-155.019974,114.71997476293944,2
2023-05-09 16:59:18.039,2023-05-09 16:59:17.8,-39.72,-155.019974,115.29997277929687,2
2023-05-09 16:59:18.078,2023-05-09 16:59:18.0,-39.09,-155.019974,115.9299738474121,2
2023-05-09 16:59:18.099,2023-05-09 16:59:18.0,-38.44,-155.019974,116.579975373291,2
2023-05-09 16:59:18.135,2023-05-09 16:59:18.0,-37.83,-157.768341,119.9383391689453,2
2023-05-09 16:59:18.179,2023-05-09 16:59:18.0,-37.25,-157.768341,120.51834099999999,2
2023-05-09 16:59:18.216,2023-05-09 16:59:18.0,-36.67,-157.768341,121.09834283105468,2
2023-05-09 16:59:18.266,2023-05-09 16:59:18.2,-36.05,-157.768341,121.71834176293945,2
2023-05-09 16:59:18.281,2023-05-09 16:59:18.2,-35.46,-157.768341,122.30834191552734,2
2023-05-09 16:59:18.322,2023-05-09 16:59:18.2,-34.9,-161.493576,126.59357447412108,2
2023-05-09 16:59:18.354,2023-05-09 16:59:18.2,-34.3,-161.493576,127.19357676293944,2
2023-05-09 16:59:18.384,2023-05-09 16:59:18.2,-33.71,-161.493576,127.78357691552733,2
2023-05-09 16:59:18.407,2023-05-09 16:59:18.2,-33.19,-161.493576,128.303577373291,2
2023-05-09 16:59:18.434,2023-05-09 16:59:18.4,-32.71,-161.493576,128.78357691552733,2
2023-05-09 16:59:18.47,2023-05-09 16:59:18.4,-32.23,-161.493576,129.26357645776366,2
2023-05-09 16:59:18.513,2023-05-09 16:59:18.4,-31.73,-165.046936,133.31693645776366,2
2023-05-09 16:59:18.543,2023-05-09 16:59:18.4,-31.21,-165.046936,133.83693691552733,2
2023-05-09 16:59:18.578,2023-05-09 16:59:18.4,-30.72,-165.046936,134.3269366866455,2
2023-05-09 16:59:18.615,2023-05-09 16:59:18.4,-30.24,-165.046936,134.80693622888182,2
2023-05-09 16:59:18.655,2023-05-09 16:59:18.4,-29.73,-165.046936,135.31693645776366,2
2023-05-09 16:59:18.681,2023-05-09 16:59:18.6,-29.23,-165.046936,135.81693645776366,2
2023-05-09 16:59:18.707,2023-05-09 16:59:18.6,-28.78,-168.033188,139.2531873133545,2
2023-05-09 16:59:18.739,2023-05-09 16:59:18.6,-28.34,-168.033188,139.6931878474121,2
2023-05-09 16:59:18.776,2023-05-09 16:59:18.6,-27.84,-168.033188,140.1931878474121,2
2023-05-09 16:59:18.8,2023-05-09 16:59:18.6,-27.25,-168.033188,140.783188,2
2023-05-09 16:59:18.84,2023-05-09 16:59:18.8,-26.56,-168.033188,141.4731885340576,2
2023-05-09 16:59:18.869,2023-05-09 16:59:18.8,-25.86,-168.033188,142.17318738964843,2
2023-05-09 16:59:18.899,2023-05-09 16:59:18.8,-25.25,-170.939316,145.689316,2
2023-05-09 16:59:18.939,2023-05-09 16:59:18.8,-24.76,-170.939316,146.17931577111815,2
2023-05-09 16:59:18.98,2023-05-09 16:59:18.8,-24.41,-170.939316,146.52931615258788,2
2023-05-09 16:59:19.018,2023-05-09 16:59:18.8,-24.18,-170.939316,146.7593156948242,2
2023-05-09 16:59:19.057,2023-05-09 16:59:18.8,-24.01,-170.939316,146.92931577111815,2
2023-05-09 16:59:19.084,2023-05-09 16:59:18.8,-23.85,-170.939316,147.08931561853026,2
2023-05-09 16:59:19.122,2023-05-09 16:59:19.0,-23.61,-174.373749,150.76374838964844,2
2023-05-09 16:59:19.147,2023-05-09 16:59:19.0,-23.33,-174.373749,151.04374907629395,2
2023-05-09 16:59:19.181,2023-05-09 16:59:19.0,-22.93,-174.373749,151.44374869482422,2
2023-05-09 16:59:19.223,2023-05-09 16:59:19.0,-22.42,-174.373749,151.95374892370606,2
2023-05-09 16:59:19.254,2023-05-09 16:59:19.0,-21.92,-174.373749,152.45374892370606,2
2023-05-09 16:59:19.288,2023-05-09 16:59:19.0,-21.54,-174.373749,152.83374808447266,2
2023-05-09 16:59:19.32,2023-05-09 16:59:19.0,-21.31,-174.373749,153.06374953405762,2
2023-05-09 16:59:19.366,2023-05-09 16:59:19.0,-21.15,-174.373749,153.22374938146973,2
2023-05-09 16:59:19.383,2023-05-09 16:59:19.0,-20.99,-174.373749,153.38374922888184,2
2023-05-09 16:59:19.429,2023-05-09 16:59:19.0,-20.77,-174.373749,153.60374854223633,2
2023-05-09 16:59:19.462,2023-05-09 16:59:19.0,-20.56,-174.373749,153.81374953405762,2
2023-05-09 16:59:19.481,2023-05-09 16:59:19.0,-20.35,-174.373749,154.02374861853028,2
2023-05-09 16:59:19.518,2023-05-09 16:59:19.0,-20.11,-174.373749,154.26374838964844,2
2023-05-09 16:59:19.543,2023-05-09 16:59:19.0,-19.88,-174.373749,154.4937498392334,2
2023-05-09 16:59:19.589,2023-05-09 16:59:19.0,-19.67,-174.373749,154.70374892370606,2
2023-05-09 16:59:19.61,2023-05-09 16:59:19.0,-19.45,-174.373749,154.92374823706055,2
2023-05-09 16:59:19.636,2023-05-09 16:59:19.2,-19.14,-175.76181,156.62181061035156,2
2023-05-09 16:59:19.668,2023-05-09 16:59:19.6,-18.68,-178.851669,160.1716686948242,2
2023-05-09 16:59:19.701,2023-05-09 16:59:19.6,-18.12,-178.851669,160.7316681607666,2
2023-05-09 16:59:19.733,2023-05-09 16:59:19.6,-17.54,-178.851669,161.31166808447264,2
2023-05-09 16:59:19.769,2023-05-09 16:59:19.6,-17.05,-178.851669,161.80166976293944,2
2023-05-09 16:59:19.81,2023-05-09 16:59:19.8,-16.68,-178.851669,162.1716686948242,2
2023-05-09 16:59:19.846,2023-05-09 16:59:19.8,-16.37,-178.851669,162.4816681607666,2
2023-05-09 16:59:19.896,2023-05-09 16:59:19.8,-16.01,-178.851669,162.84166877111815,2
2023-05-09 16:59:19.924,2023-05-09 16:59:19.8,-15.56,178.553452,-194.1134524196167,2
2023-05-09 16:59:19.949,2023-05-09 16:59:19.8,-15.03,178.553452,-193.58345173297118,2
2023-05-09 16:59:19.996,2023-05-09 16:59:19.8,-14.45,178.553452,-193.00345180926513,2
2023-05-09 16:59:20.029,2023-05-09 16:59:20.0,-13.82,178.553452,-192.3734516948242,2
2023-05-09 16:59:20.048,2023-05-09 16:59:20.0,-13.22,178.553452,-191.7734522670288,2
2023-05-09 16:59:20.095,2023-05-09 16:59:20.0,-12.69,175.929062,-188.6190615803833,2
2023-05-09 16:59:20.129,2023-05-09 16:59:20.0,-12.21,175.929062,-188.13906203814696,2
2023-05-09 16:59:20.161,2023-05-09 16:59:20.0,-11.68,175.929062,-187.60906230517577,2
2023-05-09 16:59:20.185,2023-05-09 16:59:20.0,-11.06,175.929062,-186.9890624196167,2
2023-05-09 16:59:20.224,2023-05-09 16:59:20.2,-10.32,175.929062,-186.2490616948242,2
2023-05-09 16:59:20.262,2023-05-09 16:59:20.2,-9.53,172.468369,-181.9983687329712,2
2023-05-09 16:59:20.3,2023-05-09 16:59:20.2,-8.77,172.468369,-181.23836945776367,2
2023-05-09 16:59:20.329,2023-05-09 16:59:20.2,-8.05,172.468369,-180.51836919073486,2
2023-05-09 16:59:20.36,2023-05-09 16:59:20.2,-7.33,172.468369,-179.79836892370605,2
2023-05-09 16:59:20.394,2023-05-09 16:59:20.4,-6.67,172.468369,-179.13836907629394,2
2023-05-09 16:59:20.429,2023-05-09 16:59:20.4,-6.06,172.468369,-178.52836894277954,2
2023-05-09 16:59:20.451,2023-05-09 16:59:20.4,-5.48,172.468369,-177.94836901907348,2
2023-05-09 16:59:20.501,2023-05-09 16:59:20.4,-4.98,168.025085,-173.00508501907348,2
2023-05-09 16:59:20.533,2023-05-09 16:59:20.4,-4.54,168.025085,-172.56508496185302,2
2023-05-09 16:59:20.558,2023-05-09 16:59:20.6,-4.08,168.025085,-172.10508492370604,2
2023-05-09 16:59:20.592,2023-05-09 16:59:20.6,-3.63,168.025085,-171.6550851144409,2
2023-05-09 16:59:20.625,2023-05-09 16:59:20.6,-3.22,168.025085,-171.24508502861022,2
2023-05-09 16:59:20.659,2023-05-09 16:59:20.6,-2.82,164.97493,-167.7949299332428,2
2023-05-09 16:59:20.691,2023-05-09 16:59:20.6,-2.41,164.97493,-167.3849300858307,2
2023-05-09 16:59:20.723,2023-05-09 16:59:20.6,-1.95,164.97493,-166.92493004768372,2
2023-05-09 16:59:20.757,2023-05-09 16:59:20.6,-1.46,164.97493,-166.43493003814697,2
2023-05-09 16:59:20.789,2023-05-09 16:59:20.8,-0.92,164.97493,-165.8949300166893,2
2023-05-09 16:59:20.824,2023-05-09 16:59:20.8,-0.37,164.97493,-165.34493000476837,2
2023-05-09 16:59:20.857,2023-05-09 16:59:20.8,0.16,162.267303,-162.10730300357628,2
2023-05-09 16:59:20.892,2023-05-09 16:59:20.8,0.64,162.267303,-161.6273030143051,2
2023-05-09 16:59:20.922,2023-05-09 16:59:20.8,1.08,162.267303,-161.18730295708465,2
2023-05-09 16:59:20.956,2023-05-09 16:59:20.8,1.51,162.267303,-160.75730300953674,2
2023-05-09 16:59:20.99,2023-05-09 16:59:20.8,1.94,162.267303,-160.32730294277954,2
2023-05-09 16:59:21.024,2023-05-09 16:59:20.8,2.39,162.267303,-159.87730289509582,2
2023-05-09 16:59:21.057,2023-05-09 16:59:21.0,2.9,162.267303,-159.36730290463257,2
2023-05-09 16:59:21.092,2023-05-09 16:59:21.0,3.44,162.267303,-158.82730294277954,2
2023-05-09 16:59:21.122,2023-05-09 16:59:21.0,3.99,159.380951,-155.39095099046327,2
2023-05-09 16:59:21.155,2023-05-09 16:59:21.0,4.53,159.380951,-154.85095079019166,2
2023-05-09 16:59:21.188,2023-05-09 16:59:21.0,4.99,159.380951,-154.39095122888185,2
2023-05-09 16:59:21.222,2023-05-09 16:59:21.2,5.37,159.380951,-154.01095111444093,2
2023-05-09 16:59:21.254,2023-05-09 16:59:21.2,5.72,159.380951,-153.66095120980836,2
2023-05-09 16:59:21.286,2023-05-09 16:59:21.2,6.07,159.380951,-153.31095082833863,2
2023-05-09 16:59:21.321,2023-05-09 16:59:21.2,6.44,159.380951,-152.94095094277955,2
2023-05-09 16:59:21.353,2023-05-09 16:59:21.2,6.85,159.380951,-152.53095109536744,2
2023-05-09 16:59:21.385,2023-05-09 16:59:21.4,7.3,159.380951,-152.08095080926515,2
2023-05-09 16:59:21.419,2023-05-09 16:59:21.4,7.78,159.380951,-151.60095079019166,2
2023-05-09 16:59:21.453,2023-05-09 16:59:21.4,8.27,159.380951,-151.11095054223634,2
2023-05-09 16:59:21.487,2023-05-09 16:59:21.4,8.75,159.380951,-150.630951,2
2023-05-09 16:59:21.519,2023-05-09 16:59:21.4,9.24,159.380951,-150.14095122888185,2
2023-05-09 16:59:21.552,2023-05-09 16:59:21.4,9.72,159.380951,-149.6609507329712,2
2023-05-09 16:59:21.585,2023-05-09 16:59:21.4,10.22,159.380951,-149.1609507329712,2
2023-05-09 16:59:21.616,2023-05-09 16:59:21.6,10.73,153.982117,-143.25211745776366,2
2023-05-09 16:59:21.65,2023-05-09 16:59:21.6,11.23,153.982117,-142.75211745776366,2
2023-05-09 16:59:21.684,2023-05-09 16:59:21.6,11.74,151.062744,-139.32274422888185,2
2023-05-09 16:59:21.716,2023-05-09 16:59:21.6,12.25,151.062744,-138.812744,2
2023-05-09 16:59:21.75,2023-05-09 16:59:21.6,12.76,151.062744,-138.30274377111817,2
2023-05-09 16:59:21.783,2023-05-09 16:59:21.8,13.27,151.062744,-137.79274354223634,2
2023-05-09 16:59:21.814,2023-05-09 16:59:21.8,13.8,151.062744,-137.26274380926515,2
2023-05-09 16:59:21.849,2023-05-09 16:59:21.8,14.33,148.030121,-133.70012107629395,2
2023-05-09 16:59:21.884,2023-05-09 16:59:21.8,14.86,148.030121,-133.17012134332276,2
2023-05-09 16:59:21.917,2023-05-09 16:59:21.8,15.38,148.030121,-132.6501208855591,2
2023-05-09 16:59:21.948,2023-05-09 16:59:21.8,15.87,148.030121,-132.16012111444093,2
2023-05-09 16:59:21.987,2023-05-09 16:59:21.8,16.33,148.030121,-131.70012107629395,2
2023-05-09 16:59:22.015,2023-05-09 16:59:21.8,16.82,148.030121,-131.2101213051758,2
2023-05-09 16:59:22.049,2023-05-09 16:59:21.8,17.32,148.030121,-130.7101213051758,2
2023-05-09 16:59:22.08,2023-05-09 16:59:22.0,17.8,144.968399,-127.16839976293946,2
2023-05-09 16:59:22.121,2023-05-09 16:59:22.0,18.27,144.968399,-126.69839854223633,2
2023-05-09 16:59:22.151,2023-05-09 16:59:22.2,18.73,144.968399,-126.23839945776368,2
2023-05-09 16:59:22.181,2023-05-09 16:59:22.2,19.17,144.968399,-125.79839892370606,2
2023-05-09 16:59:22.228,2023-05-09 16:59:22.2,19.61,142.105988,-122.49598738964843,2
2023-05-09 16:59:22.266,2023-05-09 16:59:22.2,20.07,142.105988,-122.03598830517578,2
2023-05-09 16:59:22.294,2023-05-09 16:59:22.2,20.51,142.105988,-121.59598777111816,2
2023-05-09 16:59:22.329,2023-05-09 16:59:22.2,20.96,142.105988,-121.14598891552734,2
2023-05-09 16:59:22.361,2023-05-09 16:59:22.2,21.4,142.105988,-120.70598838146972,2
2023-05-09 16:59:22.394,2023-05-09 16:59:22.4,21.83,142.105988,-120.27598807629394,2
2023-05-09 16:59:22.427,2023-05-09 16:59:22.4,22.25,142.105988,-119.855988,2
2023-05-09 16:59:22.462,2023-05-09 16:59:22.4,22.64,142.105988,-119.46598861035156,2
2023-05-09 16:59:22.494,2023-05-09 16:59:22.4,23.01,139.455078,-116.44507777111815,2
2023-05-09 16:59:22.528,2023-05-09 16:59:22.4,23.4,139.455078,-116.05507838146971,2
2023-05-09 16:59:22.56,2023-05-09 16:59:22.4,23.8,139.455078,-115.65507876293944,2
2023-05-09 16:59:22.593,2023-05-09 16:59:22.6,24.22,139.455078,-115.2350786866455,2
2023-05-09 16:59:22.627,2023-05-09 16:59:22.6,24.64,139.455078,-114.81507861035155,2
2023-05-09 16:59:22.658,2023-05-09 16:59:22.6,25.05,137.051895,-112.00189576293945,2
2023-05-09 16:59:22.695,2023-05-09 16:59:22.6,25.45,137.051895,-111.60189423706055,2
2023-05-09 16:59:22.725,2023-05-09 16:59:22.6,25.84,137.051895,-111.21189484741211,2
2023-05-09 16:59:22.76,2023-05-09 16:59:22.6,26.24,137.051895,-110.81189522888184,2
2023-05-09 16:59:22.791,2023-05-09 16:59:22.8,26.69,137.051895,-110.36189446594238,2
2023-05-09 16:59:22.828,2023-05-09 16:59:22.8,27.17,137.051895,-109.88189492370606,2
2023-05-09 16:59:22.861,2023-05-09 16:59:22.8,27.65,137.051895,-109.40189538146973,2
2023-05-09 16:59:22.894,2023-05-09 16:59:22.8,28.12,137.051895,-108.9318941607666,2
2023-05-09 16:59:22.925,2023-05-09 16:59:22.8,28.59,134.610321,-106.02032084741211,2
2023-05-09 16:59:22.958,2023-05-09 16:59:22.8,29.02,134.610321,-105.59032054223633,2
2023-05-09 16:59:22.993,2023-05-09 16:59:22.8,29.41,134.610321,-105.20032115258789,2
2023-05-09 16:59:23.024,2023-05-09 16:59:22.8,29.81,134.610321,-104.80032153405762,2
2023-05-09 16:59:23.059,2023-05-09 16:59:23.0,30.24,134.610321,-104.37032122888183,2
2023-05-09 16:59:23.091,2023-05-09 16:59:23.0,30.7,131.880539,-101.18053823706055,2
2023-05-09 16:59:23.128,2023-05-09 16:59:23.0,31.17,131.880539,-100.71053892370605,2
2023-05-09 16:59:23.162,2023-05-09 16:59:23.0,31.64,131.880539,-100.24053961035156,2
2023-05-09 16:59:23.198,2023-05-09 16:59:23.2,32.12,131.880539,-99.76054006811523,2
2023-05-09 16:59:23.229,2023-05-09 16:59:23.2,32.6,131.880539,-99.2805405258789,2
2023-05-09 16:59:23.262,2023-05-09 16:59:23.2,33.09,129.193893,-96.10389284741211,2
2023-05-09 16:59:23.297,2023-05-09 16:59:23.2,33.55,129.193893,-95.64389376293946,2
2023-05-09 16:59:23.322,2023-05-09 16:59:23.2,33.97,129.193893,-95.22389177929688,2
2023-05-09 16:59:23.359,2023-05-09 16:59:23.2,34.37,129.193893,-94.82389406811524,2
2023-05-09 16:59:23.397,2023-05-09 16:59:23.4,34.8,129.193893,-94.39389376293946,2
2023-05-09 16:59:23.42,2023-05-09 16:59:23.4,35.23,129.193893,-93.96389345776367,2
2023-05-09 16:59:23.465,2023-05-09 16:59:23.4,35.64,129.193893,-93.55389361035157,2
2023-05-09 16:59:23.487,2023-05-09 16:59:23.4,36.03,126.487488,-90.45748922070312,2
2023-05-09 16:59:23.52,2023-05-09 16:59:23.4,36.41,126.487488,-90.07748815258789,2
2023-05-09 16:59:23.553,2023-05-09 16:59:23.6,36.79,126.487488,-89.69748708447266,2
2023-05-09 16:59:23.589,2023-05-09 16:59:23.6,37.19,126.487488,-89.29748937329101,2
2023-05-09 16:59:23.62,2023-05-09 16:59:23.6,37.61,126.487488,-88.87748738964844,2
2023-05-09 16:59:23.653,2023-05-09 16:59:23.6,38.04,126.487488,-88.44748708447266,2
2023-05-09 16:59:23.704,2023-05-09 16:59:23.6,38.5,124.043617,-85.543617,2
2023-05-09 16:59:23.726,2023-05-09 16:59:23.6,38.98,124.043617,-85.06361745776367,2
2023-05-09 16:59:23.762,2023-05-09 16:59:23.6,39.51,124.043617,-84.5336186784668,2
2023-05-09 16:59:23.795,2023-05-09 16:59:23.8,40.09,124.043617,-83.9536168474121,2
2023-05-09 16:59:23.824,2023-05-09 16:59:23.8,40.69,124.043617,-83.35361837329101,2
2023-05-09 16:59:23.863,2023-05-09 16:59:23.8,41.28,124.043617,-82.76361822070312,2
2023-05-09 16:59:23.911,2023-05-09 16:59:23.8,41.87,124.043617,-82.17361806811523,2
2023-05-09 16:59:23.934,2023-05-09 16:59:23.8,42.46,124.043617,-81.58361791552734,2
2023-05-09 16:59:23.966,2023-05-09 16:59:23.8,43.04,124.043617,-81.00361608447265,2
2023-05-09 16:59:23.998,2023-05-09 16:59:23.8,43.71,124.043617,-80.33361791552734,2
2023-05-09 16:59:24.022,2023-05-09 16:59:23.8,44.48,124.043617,-79.56361745776367,2
2023-05-09 16:59:24.061,2023-05-09 16:59:23.8,45.29,124.043617,-78.75361608447265,2
2023-05-09 16:59:24.09,2023-05-09 16:59:24.0,46.05,117.533112,-71.48311276293946,2
2023-05-09 16:59:24.138,2023-05-09 16:59:24.0,46.67,117.533112,-70.86311383105469,2
2023-05-09 16:59:24.152,2023-05-09 16:59:24.0,47.12,117.533112,-70.41311306811524,2
2023-05-09 16:59:24.19,2023-05-09 16:59:24.0,47.45,117.533112,-70.08311123706055,2
2023-05-09 16:59:24.224,2023-05-09 16:59:24.2,47.75,117.533112,-69.783112,2
2023-05-09 16:59:24.251,2023-05-09 16:59:24.2,48.09,113.6511,-65.56109984741211,2
2023-05-09 16:59:24.293,2023-05-09 16:59:24.2,48.52,113.6511,-65.13109954223633,2
2023-05-09 16:59:24.325,2023-05-09 16:59:24.2,49.03,113.6511,-64.62110122070312,2
2023-05-09 16:59:24.358,2023-05-09 16:59:24.4,49.57,113.6511,-64.08110030517578,2
2023-05-09 16:59:24.391,2023-05-09 16:59:24.4,50.14,113.6511,-63.51110061035156,2
2023-05-09 16:59:24.429,2023-05-09 16:59:24.4,50.73,113.6511,-62.92110045776367,2
2023-05-09 16:59:24.465,2023-05-09 16:59:24.4,51.31,113.6511,-62.341098626708984,2
2023-05-09 16:59:24.506,2023-05-09 16:59:24.4,51.84,111.079117,-59.239116847412106,2
2023-05-09 16:59:24.535,2023-05-09 16:59:24.4,52.33,111.079117,-58.74911516894531,2
2023-05-09 16:59:24.563,2023-05-09 16:59:24.4,52.76,111.079117,-58.31911867846679,2
2023-05-09 16:59:24.612,2023-05-09 16:59:24.6,53.14,111.079117,-57.93911761035156,2
2023-05-09 16:59:24.63,2023-05-09 16:59:24.6,53.47,111.079117,-57.60911577929687,2
2023-05-09 16:59:24.674,2023-05-09 16:59:24.6,53.78,108.031593,-54.251594220703126,2
2023-05-09 16:59:24.705,2023-05-09 16:59:24.6,54.16,108.031593,-53.87159315258789,2
2023-05-09 16:59:24.733,2023-05-09 16:59:24.6,54.66,108.031593,-53.37159315258789,2
2023-05-09 16:59:24.757,2023-05-09 16:59:24.6,55.12,108.031593,-52.911594068115235,2
2023-05-09 16:59:24.796,2023-05-09 16:59:24.6,55.44,108.031593,-52.59159437329102,2
2023-05-09 16:59:24.829,2023-05-09 16:59:24.6,55.56,108.031593,-52.471591626708985,2
2023-05-09 16:59:24.861,2023-05-09 16:59:24.6,55.44,108.031593,-52.59159437329102,2
2023-05-09 16:59:24.898,2023-05-09 16:59:24.6,55.12,108.031593,-52.911594068115235,2
2023-05-09 16:59:24.931,2023-05-09 16:59:24.6,54.7,108.031593,-53.33159223706055,2
2023-05-09 16:59:24.966,2023-05-09 16:59:24.6,54.3,108.031593,-53.731593762939454,2
2023-05-09 16:59:25.012,2023-05-09 16:59:24.6,54.08,108.031593,-53.95159116894531,2
2023-05-09 16:59:25.05,2023-05-09 16:59:24.6,54.06,108.031593,-53.971591626708985,2
2023-05-09 16:59:25.082,2023-05-09 16:59:24.6,54.21,108.031593,-53.821593915527345,2
2023-05-09 16:59:25.106,2023-05-09 16:59:25.0,54.43,105.71579,-51.28578969482422,2
2023-05-09 16:59:25.143,2023-05-09 16:59:25.0,54.53,106.98481,-52.45481122070312,2
2023-05-09 16:59:25.166,2023-05-09 16:59:25.0,54.38,106.98481,-52.60480893188476,2
2023-05-09 16:59:25.2,2023-05-09 16:59:25.0,54.02,106.98481,-52.964809542236324,2
2023-05-09 16:59:25.234,2023-05-09 16:59:25.2,53.52,106.98481,-53.464809542236324,2
2023-05-09 16:59:25.263,2023-05-09 16:59:25.2,53.0,106.98481,-53.984809999999996,2
2023-05-09 16:59:25.301,2023-05-09 16:59:25.2,52.5,106.938759,-54.438759000000005,2
2023-05-09 16:59:25.331,2023-05-09 16:59:25.2,52.06,106.938759,-54.87875762670899,2
2023-05-09 16:59:25.367,2023-05-09 16:59:25.4,51.69,106.938759,-55.24876037329102,2
2023-05-09 16:59:25.392,2023-05-09 16:59:25.4,51.37,106.938759,-55.56876006811524,2
2023-05-09 16:59:25.433,2023-05-09 16:59:25.4,51.0,106.938759,-55.938759000000005,2
2023-05-09 16:59:25.466,2023-05-09 16:59:25.4,50.5,109.623657,-59.123656999999994,2
2023-05-09 16:59:25.501,2023-05-09 16:59:25.4,49.88,109.623657,-59.74365593188476,2
2023-05-09 16:59:25.536,2023-05-09 16:59:25.4,49.18,109.623657,-60.44365669482421,2
2023-05-09 16:59:25.583,2023-05-09 16:59:25.4,48.4,109.623657,-61.22365547412109,2
2023-05-09 16:59:25.617,2023-05-09 16:59:25.4,47.55,109.623657,-62.07365776293945,2
2023-05-09 16:59:25.647,2023-05-09 16:59:25.6,46.71,109.623657,-62.91365791552734,2
2023-05-09 16:59:25.673,2023-05-09 16:59:25.6,45.94,113.185295,-67.24529637329101,2
2023-05-09 16:59:25.699,2023-05-09 16:59:25.6,45.22,113.185295,-67.96529377929687,2
2023-05-09 16:59:25.725,2023-05-09 16:59:25.6,44.53,113.185295,-68.65529622070312,2
2023-05-09 16:59:25.764,2023-05-09 16:59:25.8,43.79,113.185295,-69.39529408447265,2
2023-05-09 16:59:25.795,2023-05-09 16:59:25.8,42.82,113.185295,-70.36529530517578,2
2023-05-09 16:59:25.837,2023-05-09 16:59:25.8,41.58,113.185295,-71.60529316894531,2
2023-05-09 16:59:25.875,2023-05-09 16:59:25.8,40.23,117.817566,-77.58756645776367,2
2023-05-09 16:59:25.904,2023-05-09 16:59:25.8,38.85,117.817566,-78.9675675258789,2
2023-05-09 16:59:25.93,2023-05-09 16:59:25.8,37.4,117.817566,-80.4175644741211,2
2023-05-09 16:59:25.958,2023-05-09 16:59:25.8,35.81,117.817566,-82.00756462670898,2
2023-05-09 16:59:25.994,2023-05-09 16:59:25.8,34.07,117.817566,-83.74756630517578,2
2023-05-09 16:59:26.037,2023-05-09 16:59:25.8,32.19,117.817566,-85.62756737329101,2
2023-05-09 16:59:26.062,2023-05-09 16:59:25.8,30.29,117.817566,-87.52756508447266,2
2023-05-09 16:59:26.104,2023-05-09 16:59:26.0,28.44,126.261223,-97.82122246594238,2
2023-05-09 16:59:26.141,2023-05-09 16:59:26.0,26.62,126.261223,-99.6412221607666,2
2023-05-09 16:59:26.167,2023-05-09 16:59:26.0,24.82,126.261223,-101.44122330517578,2
2023-05-09 16:59:26.199,2023-05-09 16:59:26.0,22.89,126.261223,-103.37122361035156,2
2023-05-09 16:59:26.243,2023-05-09 16:59:26.2,20.71,126.261223,-105.55122391552734,2
2023-05-09 16:59:26.264,2023-05-09 16:59:26.2,18.25,126.261223,-108.011223,2
2023-05-09 16:59:26.308,2023-05-09 16:59:26.2,15.58,137.399612,-121.81961207629394,2
2023-05-09 16:59:26.34,2023-05-09 16:59:26.2,12.89,137.399612,-124.50961165667724,2
2023-05-09 16:59:26.359,2023-05-09 16:59:26.2,10.27,137.399612,-127.12961154223632,2
2023-05-09 16:59:26.403,2023-05-09 16:59:26.2,7.75,137.399612,-129.649612,2
2023-05-09 16:59:26.428,2023-05-09 16:59:26.4,5.22,137.399612,-132.17961220980834,2
2023-05-09 16:59:26.48,2023-05-09 16:59:26.4,2.63,137.399612,-134.76961188555907,2
2023-05-09 16:59:26.509,2023-05-09 16:59:26.4,-0.07,137.399612,-137.469612000298,2
2023-05-09 16:59:26.527,2023-05-09 16:59:26.4,-2.88,137.399612,-140.2796121144409,2
2023-05-09 16:59:26.573,2023-05-09 16:59:26.4,-5.74,152.172241,-157.91224077111818,2
2023-05-09 16:59:26.604,2023-05-09 16:59:26.6,-8.64,152.172241,-160.81224134332277,2
2023-05-09 16:59:26.622,2023-05-09 16:59:26.6,-11.54,152.172241,-163.71224096185304,2
2023-05-09 16:59:26.655,2023-05-09 16:59:26.6,-14.24,152.172241,-166.41224077111818,2
2023-05-09 16:59:26.692,2023-05-09 16:59:26.6,-16.8,168.368271,-185.16827023706054,2
2023-05-09 16:59:26.729,2023-05-09 16:59:26.6,-19.25,168.368271,-187.618271,2
2023-05-09 16:59:26.762,2023-05-09 16:59:26.6,-21.6,168.368271,-189.96827138146972,2
2023-05-09 16:59:26.808,2023-05-09 16:59:26.6,-23.92,168.368271,-192.28827107629394,2
2023-05-09 16:59:26.84,2023-05-09 16:59:26.8,-26.24,168.368271,-194.60827077111816,2
2023-05-09 16:59:26.859,2023-05-09 16:59:26.8,-28.54,168.368271,-196.90827191552734,2
2023-05-09 16:59:26.896,2023-05-09 16:59:26.8,-30.85,168.368271,-199.21827138146972,2
2023-05-09 16:59:26.921,2023-05-09 16:59:26.8,-33.25,-176.153137,142.903137,2
2023-05-09 16:59:26.955,2023-05-09 16:59:26.8,-35.69,-176.153137,140.463138373291,2
2023-05-09 16:59:26.987,2023-05-09 16:59:26.8,-38.05,-176.153137,138.10313776293944,2
2023-05-09 16:59:27.018,2023-05-09 16:59:26.8,-40.26,-176.153137,135.89313867846678,2
2023-05-09 16:59:27.054,2023-05-09 16:59:26.8,-42.23,-176.153137,133.92313745776366,2
2023-05-09 16:59:27.086,2023-05-09 16:59:26.8,-43.85,-176.153137,132.3031385258789,2
2023-05-09 16:59:27.119,2023-05-09 16:59:26.8,-44.91,-176.153137,131.24313715258788,2
2023-05-09 16:59:27.154,2023-05-09 16:59:26.8,-45.57,-176.153137,130.58313730517577,2
2023-05-09 16:59:27.196,2023-05-09 16:59:27.2,-45.88,-176.153137,130.27313593188475,2
2023-05-09 16:59:27.231,2023-05-09 16:59:27.2,-46.05,-176.153137,130.10313776293944,2
2023-05-09 16:59:27.263,2023-05-09 16:59:27.2,-46.22,-176.153137,129.93313577929686,2
2023-05-09 16:59:27.295,2023-05-09 16:59:27.2,-46.54,-153.065262,106.52526108447265,2
2023-05-09 16:59:27.329,2023-05-09 16:59:27.2,-47.09,-153.065262,105.9752618474121,2
2023-05-09 16:59:27.365,2023-05-09 16:59:27.4,-47.82,-153.065262,105.24526230517577,2
2023-05-09 16:59:27.395,2023-05-09 16:59:27.4,-48.76,-153.065262,104.30526367846679,2
2023-05-09 16:59:27.429,2023-05-09 16:59:27.4,-49.94,-153.065262,103.125263373291,2
2023-05-09 16:59:27.466,2023-05-09 16:59:27.4,-51.29,-153.065262,101.77526108447265,2
2023-05-09 16:59:27.495,2023-05-09 16:59:27.4,-52.57,-153.065262,100.49526230517577,2
2023-05-09 16:59:27.528,2023-05-09 16:59:27.4,-53.65,-153.065262,99.41526047412108,2
2023-05-09 16:59:27.561,2023-05-09 16:59:27.4,-54.41,-153.065262,98.65526215258788,2
2023-05-09 16:59:27.594,2023-05-09 16:59:27.6,-54.9,-150.754135,95.85413347412108,2
2023-05-09 16:59:27.627,2023-05-09 16:59:27.6,-55.25,-150.754135,95.50413499999999,2
2023-05-09 16:59:27.662,2023-05-09 16:59:27.6,-55.55,-144.345108,88.79510876293946,2
2023-05-09 16:59:27.694,2023-05-09 16:59:27.6,-56.0,-144.345108,88.34510800000001,2
2023-05-09 16:59:27.729,2023-05-09 16:59:27.6,-56.59,-144.345108,87.75510784741212,2
2023-05-09 16:59:27.76,2023-05-09 16:59:27.8,-57.17,-144.345108,87.1751098310547,2
2023-05-09 16:59:27.792,2023-05-09 16:59:27.8,-57.77,-144.345108,86.57510754223634,2
2023-05-09 16:59:27.826,2023-05-09 16:59:27.8,-58.41,-144.345108,85.9351081525879,2
2023-05-09 16:59:27.861,2023-05-09 16:59:27.8,-59.16,-144.345108,85.1851081525879,2
2023-05-09 16:59:27.891,2023-05-09 16:59:27.8,-60.17,-141.694687,81.52468883105468,2
2023-05-09 16:59:27.925,2023-05-09 16:59:27.8,-61.59,-141.694687,80.1046868474121,2
2023-05-09 16:59:27.967,2023-05-09 16:59:27.8,-63.18,-141.694687,78.5146866948242,2
2023-05-09 16:59:27.994,2023-05-09 16:59:27.8,-64.59,-141.694687,77.10469066210936,2
2023-05-09 16:59:28.026,2023-05-09 16:59:27.8,-65.72,-141.694687,75.97468577929686,2
2023-05-09 16:59:28.057,2023-05-09 16:59:27.8,-66.7,-141.694687,74.9946900517578,2
2023-05-09 16:59:28.089,2023-05-09 16:59:27.8,-67.7,-141.694687,73.9946900517578,2
2023-05-09 16:59:28.127,2023-05-09 16:59:28.0,-68.79,-141.694687,72.90468608447264,2
2023-05-09 16:59:28.175,2023-05-09 16:59:28.0,-69.9,-135.391251,65.4912494741211,2
2023-05-09 16:59:28.194,2023-05-09 16:59:28.2,-70.91,-135.391251,64.48124733789064,2
2023-05-09 16:59:28.233,2023-05-09 16:59:28.2,-71.74,-135.391251,63.65125313623048,2
2023-05-09 16:59:28.269,2023-05-09 16:59:28.2,-72.42,-128.701782,56.281783831054696,2
2023-05-09 16:59:28.307,2023-05-09 16:59:28.2,-73.02,-128.701782,55.6817853569336,2
2023-05-09 16:59:28.34,2023-05-09 16:59:28.2,-73.55,-128.701782,55.151778948242196,2
2023-05-09 16:59:28.38,2023-05-09 16:59:28.4,-74.02,-128.701782,54.6817853569336,2
2023-05-09 16:59:28.408,2023-05-09 16:59:28.4,-74.47,-128.701782,54.231780779296884,2
2023-05-09 16:59:28.436,2023-05-09 16:59:28.4,-74.99,-128.701782,53.71178413623048,2
2023-05-09 16:59:28.497,2023-05-09 16:59:28.4,-75.47,-128.701782,53.231780779296884,2
2023-05-09 16:59:28.536,2023-05-09 16:59:28.4,-75.83,-124.791191,48.96118916894531,2
2023-05-09 16:59:28.561,2023-05-09 16:59:28.4,-75.98,-124.791191,48.811187643066404,2
2023-05-09 16:59:28.59,2023-05-09 16:59:28.6,-76.02,-124.791191,48.77119435693359,2
2023-05-09 16:59:28.62,2023-05-09 16:59:28.6,-76.04,-124.791191,48.751190084472654,2
2023-05-09 16:59:28.648,2023-05-09 16:59:28.6,-76.01,-124.791191,48.78118886376953,2
2023-05-09 16:59:28.679,2023-05-09 16:59:28.6,-75.97,-123.000031,47.03002977929688,2
2023-05-09 16:59:28.702,2023-05-09 16:59:28.6,-76.0,-123.000031,47.00003100000001,2
2023-05-09 16:59:28.727,2023-05-09 16:59:28.6,-76.13,-123.000031,46.87003374658204,2
2023-05-09 16:59:28.759,2023-05-09 16:59:28.6,-76.27,-123.000031,46.7300343569336,2
2023-05-09 16:59:28.79,2023-05-09 16:59:28.8,-76.34,-123.000031,46.66003466210938,2
2023-05-09 16:59:28.832,2023-05-09 16:59:28.8,-76.28,-123.000031,46.72003222070313,2
2023-05-09 16:59:28.862,2023-05-09 16:59:28.8,-76.07,-122.742203,46.672203305175785,2
2023-05-09 16:59:28.901,2023-05-09 16:59:28.8,-75.79,-122.742203,46.95220208447266,2
2023-05-09 16:59:28.925,2023-05-09 16:59:28.8,-75.52,-122.742203,47.2222063569336,2
2023-05-09 16:59:28.959,2023-05-09 16:59:28.8,-75.32,-122.742203,47.422203305175785,2
2023-05-09 16:59:28.992,2023-05-09 16:59:28.8,-75.26,-122.742203,47.482200863769535,2
2023-05-09 16:59:29.024,2023-05-09 16:59:28.8,-75.36,-122.742203,47.38220238964844,2
2023-05-09 16:59:29.058,2023-05-09 16:59:29.0,-75.61,-123.798805,48.18880438964844,2
2023-05-09 16:59:29.094,2023-05-09 16:59:29.0,-76.03,-123.798805,47.76880622070313,2
2023-05-09 16:59:29.129,2023-05-09 16:59:29.0,-76.64,-123.798805,47.158805610351564,2
2023-05-09 16:59:29.158,2023-05-09 16:59:29.2,-77.4,-123.798805,46.398803474121095,2
2023-05-09 16:59:29.19,2023-05-09 16:59:29.2,-78.25,-123.798805,45.548805,2
2023-05-09 16:59:29.226,2023-05-09 16:59:29.2,-79.12,-123.798805,44.67880225341797,2
2023-05-09 16:59:29.266,2023-05-09 16:59:29.2,-79.96,-123.798805,43.838805915527345,2
2023-05-09 16:59:29.293,2023-05-09 16:59:29.2,-80.72,-121.421288,40.70128677929688,2
2023-05-09 16:59:29.341,2023-05-09 16:59:29.2,-81.41,-121.421288,40.01128433789063,2
2023-05-09 16:59:29.365,2023-05-09 16:59:29.2,-81.99,-121.421288,39.43129013623047,2
2023-05-09 16:59:29.394,2023-05-09 16:59:29.4,-82.48,-121.421288,38.94128464306641,2
2023-05-09 16:59:29.425,2023-05-09 16:59:29.4,-82.89,-121.421288,38.53128861035157,2
2023-05-09 16:59:29.458,2023-05-09 16:59:29.4,-83.26,-121.421288,38.161285863769535,2
2023-05-09 16:59:29.49,2023-05-09 16:59:29.4,-83.67,-121.421288,37.75128983105469,2
2023-05-09 16:59:29.532,2023-05-09 16:59:29.4,-84.18,-121.421288,37.24128769482422,2
2023-05-09 16:59:29.562,2023-05-09 16:59:29.4,-84.8,-121.421288,36.62128494824219,2
2023-05-09 16:59:29.595,2023-05-09 16:59:29.6,-85.48,-121.421288,35.94128464306641,2
2023-05-09 16:59:29.629,2023-05-09 16:59:29.6,-86.03,-113.983406,27.953407220703127,2
2023-05-09 16:59:29.662,2023-05-09 16:59:29.6,-86.58,-113.983406,27.403404168945315,2
2023-05-09 16:59:29.696,2023-05-09 16:59:29.6,-87.19,-113.983406,26.793403558593752,2
2023-05-09 16:59:29.727,2023-05-09 16:59:29.6,-88.2,-113.983406,25.783409051757815,2
2023-05-09 16:59:29.76,2023-05-09 16:59:29.8,-89.56,-113.983406,24.423408441406252,2
2023-05-09 16:59:29.794,2023-05-09 16:59:29.8,